1 0 0
0 1 0
1 1 1112.283
2 1 2827.266
3 1 1400.351
4 1 1336.36
5 1 963.633
1 2 2572.681
2 2 7073.915
3 2 5481.132
4 2 4878.017
5 2 4119.07
6 2 3925.975
7 2 3348.637
8 2 3033.927
1 3 1153.761
2 3 5266.132
3 3 5332.345
4 3 5606.291
5 3 5159.582
6 3 5037.839
7 3 4531.555
8 3 4149.104
2 4 4487.262
3 4 5371.4
4 4 7062.435
5 4 6462.758
6 4 6497.711
7 4 5952.822
8 4 5720.826
9 4 5273.07
10 4 4993.897
2 5 3531.306
3 5 4717.164
4 5 6257.16
5 5 6475.071
6 5 6927.711
7 5 6631.264
8 5 6496.402
9 5 6101.645
10 5 5879.05
11 5 5509.228
12 5 5266.461
2 6 3097.8
3 6 4337.476
4 6 6032.041
5 6 6676.37
6 6 7680.144
7 6 7469.849
8 6 7520.319
9 6 7100.169
10 6 6922.054
11 6 6557.616
12 6 6425.747
13 6 6117.909
14 6 5958.733
3 7 3643.66
4 7 5364.045
5 7 6170.108
6 7 7238.863
7 7 7475.614
8 7 7699.459
9 7 7373.812
10 7 7286.153
11 7 7038.49
12 7 6948.235
13 7 6709.24
14 7 6608.099
15 7 6366.085
4 8 4879.09
5 8 5811.994
6 8 7052.308
7 8 7463.692
8 8 7976.206
9 8 7750.731
10 8 7767.025
11 8 7566.389
12 8 7568.505
13 8 7389.332
14 8 7364.821
15 8 7163.85
16 8 7015.935
6 9 6483.551
7 9 6963.731
8 9 7542.328
9 9 7631.605
10 9 7779.015
11 9 7720.131
12 9 7738.29
13 9 7624.294
14 9 7620.41
15 9 7462.957
16 9 7338.764
17 9 7097.744
18 9 6887.318
6 10 6082.572
7 10 6642.825
8 10 7341.282
9 10 7567.375
10 10 8032.24
11 10 7971.713
12 10 8080.465
13 10 7955.255
14 10 7993.319
15 10 7842.701
16 10 7753.891
17 10 7519.709
18 10 7390.315
19 10 7178.857
20 10 7040.467
7 11 6249.329
8 11 6938.021
9 11 7298.641
10 11 7765.524
11 11 7915.709
12 11 8111.493
13 11 8063.496
14 11 8101.397
15 11 8004.26
16 11 7956.933
17 11 7799.297
18 11 7682.668
19 11 7505.754
20 11 7385.492
21 11 7206.621
22 11 7056.314
7 12 5838.251
8 12 6723.392
9 12 7104.714
10 12 7662.626
11 12 7901.126
12 12 8260.709
13 12 8223.504
14 12 8333.872
15 12 8263.854
16 12 8272.406
17 12 8113.761
18 12 8055.401
19 12 7872.26
20 12 7807.774
21 12 7638.522
22 12 7536.118
10 13 7334.792
11 13 7649.919
12 13 8021.144
13 13 8149.771
14 13 8331.545
15 13 8309.886
16 13 8348.725
17 13 8261.381
18 13 8225.611
19 13 8099.175
20 13 8021.586
21 13 7858.434
22 13 7784.451
23 13 7628.193
24 13 7527.619
25 13 7381.288
26 13 7261.909
10 14 7166.837
11 14 7480.23
12 14 7924.847
13 14 8124.334
14 14 8447.744
15 14 8448.634
16 14 8520.653
17 14 8458.29
18 14 8481.569
19 14 8360.402
20 14 8336.138
21 14 8168.673
22 14 8113.807
23 14 7953.132
24 14 7890.118
25 14 7741.034
26 14 7660.819
27 14 7473.38
12 15 7663.237
13 15 7907.873
14 15 8251.228
15 15 8353.496
16 15 8481.178
17 15 8464.13
18 15 8513.811
19 15 8448.449
20 15 8446.247
21 15 8307.866
22 15 8267.505
23 15 8150.86
24 15 8100.51
25 15 7980.608
26 15 7913.788
27 15 7769.554
28 15 7664.314
12 16 7478.79
13 16 7748.629
14 16 8122.817
15 16 8281.869
16 16 8493.134
17 16 8497.634
18 16 8583.501
19 16 8537.855
20 16 8575.387
21 16 8459.934
22 16 8448.782
23 16 8344.258
24 16 8330.043
25 16 8229.892
26 16 8194.173
27 16 8058.473
28 16 7994.013
29 16 7865.431
14 17 7870.261
15 17 8072.251
16 17 8304.758
17 17 8398.961
18 17 8520.278
19 17 8521.927
20 17 8570.28
21 17 8505.48
22 17 8494.402
23 17 8427.765
24 17 8412.958
25 17 8347.819
26 17 8324.068
27 17 8228.843
28 17 8183.823
29 17 8101.934
14 18 7700.003
15 18 7928.95
16 18 8197.64
17 18 8327.465
18 18 8519.909
19 18 8527.139
20 18 8614.273
21 18 8562.593
22 18 8595.259
23 18 8534.371
24 18 8555.613
25 18 8488.237
26 18 8493.836
27 18 8419.947
28 18 8411.271
29 18 8322.926
16 19 7965.726
17 19 8142.472
18 19 8339.847
19 19 8438.057
20 19 8557.02
21 19 8538.083
22 19 8576.061
23 19 8551.245
24 19 8576.635
25 19 8547.34
26 19 8554.508
27 19 8518.137
28 19 8514.544
29 19 8430.887
30 19 8386.719
31 19 8281.068
16 20 7815.551
17 20 8004.15
18 20 8240.062
19 20 8369.457
20 20 8551.301
21 20 8546.703
22 20 8616.559
23 20 8600.659
24 20 8658.17
25 20 8630.54
26 20 8668.885
27 20 8639.257
28 20 8666.467
29 20 8594.63
30 20 8549.795
31 20 8467.716
32 20 8395.59
18 21 8013.336
19 21 8173.666
20 21 8369.198
21 21 8444.935
22 21 8530.821
23 21 8557.381
24 21 8618.84
25 21 8621.922
26 21 8664.995
27 21 8656.043
28 21 8686.074
29 21 8633.469
30 21 8596.59
31 21 8531.457
33 21 8400.753
34 21 8310.432
18 22 7862.283
20 22 8259.649
21 22 8352.933
22 22 8533.518
23 22 8555.631
24 22 8656.356
25 22 8661.121
26 22 8722.903
27 22 8711.055
28 22 8755.618
29 22 8708.89
30 22 8691.571
31 22 8630.132
32 22 8596.924
33 22 8516.021
34 22 8459.266
35 22 8357.848
21 23 8210.463
22 23 8379.887
23 23 8486.079
24 23 8582.127
25 23 8623.013
26 23 8682.806
27 23 8695.869
28 23 8742.051
29 23 8714.535
30 23 8710.088
31 23 8662.002
32 23 8637.817
33 23 8572.855
34 23 8530.874
35 23 8454.33
36 23 8394.581
37 23 8314.372
21 24 8075.515
22 24 8303.87
23 24 8407.106
24 24 8572.21
25 24 8613.239
26 24 8700.981
27 24 8711.954
28 24 8775.944
29 24 8760.155
30 24 8777.914
31 24 8731.884
32 24 8723.191
33 24 8663.384
34 24 8641.29
35 24 8564.795
36 24 8533.443
37 24 8454.995
38 24 8420.321
23 25 8274.75
24 25 8439.826
25 25 8532.68
26 25 8633.723
27 25 8670.294
28 25 8734.133
29 25 8737.923
30 25 8764.988
31 25 8738.3
32 25 8736.723
33 25 8698.01
34 25 8680.146
35 25 8631.637
36 25 8595.859
37 25 8530.674
38 25 8496.595
39 25 8431.599
40 25 8396.148
24 26 8354.008
25 26 8461.147
26 26 8609.598
27 26 8648.757
28 26 8736.344
29 26 8746.56
30 26 8790.323
31 26 8770.249
32 26 8792.221
33 26 8754.743
34 26 8755.831
35 26 8703.782
36 26 8693.248
37 26 8630.124
38 26 8609.28
39 26 8541.116
40 26 8514.234
41 26 8449.695
42 26 8406.422
26 27 8477.382
27 27 8569.209
28 27 8669.575
29 27 8694.817
30 27 8741.858
31 27 8738.947
32 27 8768.013
33 27 8746.745
34 27 8756.154
35 27 8721.448
36 27 8717.619
37 27 8675.525
38 27 8656.649
39 27 8601.438
40 27 8577.85
41 27 8515.833
42 27 8489.857
43 27 8421.601
44 27 8391.74
26 28 8391.781
27 28 8497.315
28 28 8642.709
29 28 8670.901
30 28 8732.041
31 28 8736.57
32 28 8780.757
33 28 8765.009
34 28 8794.549
35 28 8763.489
36 28 8777.467
37 28 8736.246
38 28 8739.508
39 28 8695.75
40 28 8682.466
41 28 8623.099
42 28 8603.377
43 28 8540.304
44 28 8516.242
28 29 8503.274
29 29 8570.869
30 29 8641.981
31 29 8665.585
32 29 8715.507
33 29 8718.249
34 29 8752.134
35 29 8739.07
36 29 8757.096
37 29 8731.472
38 29 8737.447
39 29 8701.89
40 29 8695.203
41 29 8646.861
42 29 8635.022
43 29 8586.525
44 29 8568.557
45 29 8521.562
46 29 8490.407
47 29 8443.527
28 30 8395.926
29 30 8474.539
30 30 8583.273
31 30 8610.253
32 30 8679.398
33 30 8686.279
34 30 8735.898
35 30 8724.259
36 30 8759.636
37 30 8734.154
38 30 8755.682
39 30 8722.731
40 30 8729.806
41 30 8689.014
42 30 8691.609
43 30 8645.837
44 30 8642.107
45 30 8591.299
46 30 8580.083
47 30 8529.135
48 30 8505.576
50 30 8425.997
30 31 8445.706
31 31 8518.86
32 31 8583.926
33 31 8611.654
34 31 8662.154
35 31 8669.373
36 31 8707.54
37 31 8701.22
38 31 8724.578
39 31 8709.279
40 31 8717.62
41 31 8687.104
42 31 8693.873
43 31 8663.166
44 31 8660.808
45 31 8624.526
46 31 8613.39
47 31 8577.135
48 31 8555.58
49 31 8507.347
50 31 8487.744
32 32 8529.361
33 32 8554.079
34 32 8625.701
35 32 8632.85
36 32 8688.151
37 32 8680.962
38 32 8721.717
39 32 8703.326
40 32 8731.745
41 32 8705.049
42 32 8725.2
43 32 8695.602
44 32 8705.238
45 32 8671.044
46 32 8671.665
47 32 8634.019
48 32 8627.318
49 32 8580.801
50 32 8566.304
33 33 8460.482
34 33 8531.472
35 33 8557.814
36 33 8611.451
37 33 8621.684
38 33 8663.949
39 33 8660.378
40 33 8689.663
41 33 8680
42 33 8700.85
43 33 8682.792
44 33 8695.981
45 33 8673.881
46 33 8676.622
47 33 8650.59
48 33 8648.056
49 33 8614.08
50 33 8602.199
34 34 8477.42
35 34 8501.777
36 34 8577.695
37 34 8585.635
38 34 8644.854
39 34 8641.425
40 34 8687.708
41 34 8678.907
42 34 8711.478
43 34 8694.691
44 34 8717.808
45 34 8695.593
46 34 8710.819
47 34 8686.005
48 34 8693.198
49 34 8658.557
50 34 8658.841
51 34 8610.476
52 34 8582.256
53 34 8530.882
54 34 8494.935
36 35 8489.362
37 35 8510.665
38 35 8567.849
39 35 8583.803
40 35 8628.076
41 35 8635.883
42 35 8666.808
43 35 8661.96
44 35 8687.6
45 35 8677.659
46 35 8695.918
47 35 8682.468
48 35 8693.327
49 35 8671.522
50 35 8674.001
51 35 8632.45
52 35 8605.51
53 35 8563.931
54 35 8534.12
55 35 8485.069
56 35 8446.33
57 35 8388.687
35 36 8335.526
36 36 8429.323
37 36 8460.184
38 36 8533.034
39 36 8553.439
40 36 8608.815
41 36 8616.836
42 36 8661.256
43 36 8657.118
44 36 8692.917
45 36 8682.793
46 36 8710.647
47 36 8695.621
48 36 8717.347
49 36 8698.562
50 36 8712.027
51 36 8675.282
52 36 8656.859
53 36 8616.959
54 36 8591.377
55 36 8545.447
56 36 8512.845
57 36 8456.834
37 37 8381.726
38 37 8448.315
39 37 8486.225
40 37 8537.261
41 37 8558.361
42 37 8601.147
43 37 8611.642
44 37 8645.49
45 37 8647.431
46 37 8675.269
47 37 8676.117
48 37 8697.441
49 37 8696.901
50 37 8710.983
51 37 8681.115
52 37 8664.19
53 37 8631.483
54 37 8607.564
55 37 8569.417
56 37 8540.895
57 37 8492.663
58 37 8459.813
59 37 8407.544
60 37 8374.508
61 37 8329.223
62 37 8292.853
64 37 8216.371
37 38 8296.551
38 38 8393.879
39 38 8435.926
40 38 8500.096
41 38 8523.816
42 38 8578.555
43 38 8587.348
44 38 8635.698
45 38 8638.381
46 38 8677.444
47 38 8675.71
48 38 8708.461
49 38 8705.239
50 38 8732.596
51 38 8705.924
52 38 8695.9
53 38 8663.802
54 38 8648.91
55 38 8612.773
56 38 8593.777
57 38 8549.082
58 38 8521.419
59 38 8473.987
60 38 8448.016
61 38 8399.161
62 38 8376.218
63 38 8325.555
64 38 8300.222
40 39 8423.786
41 39 8455.145
42 39 8509.661
43 39 8530.84
44 39 8575.113
45 39 8590.916
46 39 8628.148
47 39 8638.434
48 39 8674.848
49 39 8682.54
50 39 8713.904
51 39 8693.272
52 39 8684.872
53 39 8661.554
54 39 8648.862
55 39 8622.774
56 39 8604.954
57 39 8569.6
58 39 8542.927
59 39 8499.439
60 39 8472.22
61 39 8439.145
62 39 8411.918
63 39 8378.974
40 40 8374.107
41 40 8407.053
43 40 8494.988
45 40 8563.732
46 40 8612.137
47 40 8623.665
48 40 8665.968
49 40 8673.284
50 40 8709.91
51 40 8693.257
52 40 8692.622
53 40 8671.566
54 40 8666.774
55 40 8643.569
56 40 8635.368
57 40 8603.82
58 40 8581.45
59 40 8540.758
60 40 8524.422
61 40 8488.776
62 40 8467.872
63 40 8431.299
42 41 8395.201
44 41 8483.94
45 41 8510.272
46 41 8555.305
47 41 8571.282
48 41 8617.094
49 41 8633.318
50 41 8670.836
51 41 8662.318
52 41 8664.135
53 41 8648.852
54 41 8647.166
55 41 8628.895
56 41 8623.167
57 41 8596.341
58 41 8578.9
59 41 8549.948
60 41 8535.337
61 41 8505.349
62 41 8491.131
63 41 8457.35
64 41 8440.617
44 42 8439.896
45 42 8471.735
46 42 8524.062
47 42 8544.86
48 42 8596.969
49 42 8613.577
50 42 8657.692
51 42 8651.37
52 42 8662.287
53 42 8648.674
54 42 8653.941
55 42 8635.048
56 42 8635.125
57 42 8607.754
58 42 8604.575
59 42 8572.829
60 42 8568.365
61 42 8537.225
62 42 8527.76
63 42 8494.928
64 42 8480.718
65 42 8445.937
47 43 8488.714
48 43 8536.628
49 43 8563.64
50 43 8608.539
51 43 8608.69
52 43 8622.643
53 43 8614.821
54 43 8623.68
55 43 8609.959
56 43 8613.562
57 43 8595.07
58 43 8593.049
59 43 8570.579
60 43 8566.037
61 43 8540.983
62 43 8534.619
63 43 8506.545
64 43 8496.195
65 43 8463.095
66 43 8446.498
67 43 8410.589
68 43 8391.82
69 43 8360.234
49 44 8531.987
50 44 8583.494
51 44 8587.386
52 44 8609.326
53 44 8604.193
54 44 8620.309
55 44 8608.627
56 44 8619.274
57 44 8601.282
58 44 8607.344
59 44 8584.283
60 44 8587.333
61 44 8561.835
62 44 8560.929
63 44 8533.93
64 44 8527.332
65 44 8497.257
66 44 8485.485
67 44 8451.88
68 44 8437.928
69 44 8405.649
71 44 8349.623
50 45 8525.362
51 45 8534.586
52 45 8559.808
53 45 8560.799
54 45 8580.093
55 45 8575.103
56 45 8588.173
57 45 8576.9
58 45 8584.1
59 45 8568.858
60 45 8572.651
61 45 8553.92
62 45 8554.099
63 45 8532.555
64 45 8528.244
65 45 8503.774
66 45 8496.106
67 45 8468.958
68 45 8456.07
69 45 8425.932
70 45 8410.472
71 45 8377.612
50 46 8490.499
51 46 8502.361
52 46 8533.685
53 46 8537.982
54 46 8563.7
55 46 8560.823
56 46 8580.505
57 46 8571.231
58 46 8584.799
59 46 8570.602
60 46 8579.945
61 46 8560.847
62 46 8567.024
63 46 8544.883
64 46 8547.328
65 46 8521.914
66 46 8520.857
67 46 8493.477
68 46 8488.06
69 46 8457.535
70 46 8450.393
71 46 8417.833
72 46 8405.874
74 46 8355.993
50 47 8422.337
51 47 8441.627
52 47 8475.231
53 47 8485.098
54 47 8511.455
55 47 8517.343
56 47 8537.541
57 47 8536.135
58 47 8550.343
59 47 8544.591
60 47 8553.854
61 47 8541.98
62 47 8547.944
63 47 8532.138
64 47 8534.834
65 47 8516.444
66 47 8516.117
67 47 8493.936
68 47 8490.593
69 47 8466.122
70 47 8460.163
71 47 8433.99
72 47 8422.47
73 47 8395.307
74 47 8384.464
50 48 8378.235
52 48 8438.289
53 48 8449.486
54 48 8484.31
55 48 8489.733
56 48 8517.683
57 48 8516.817
58 48 8539.052
59 48 8533.3
60 48 8550.018
61 48 8538.801
62 48 8551.32
63 48 8537.127
64 48 8544.78
65 48 8527.04
66 48 8531.565
67 48 8510.777
68 48 8512.41
69 48 8489.032
70 48 8487.893
71 48 8460.854
72 48 8458.162
73 48 8430.891
74 48 8425.233
75 48 8394.558
76 48 8387.108
77 48 8357.764
78 48 8347.307
79 48 8315.132
80 48 8303.632
82 48 8256.066
51 49 8329.666
53 49 8388.714
54 49 8423.399
55 49 8434.506
56 49 8463.185
57 49 8470.105
58 49 8493.977
59 49 8495.212
60 49 8513.095
61 49 8508.954
62 49 8522.315
63 49 8514.72
64 49 8522.951
65 49 8511.994
66 49 8516.549
67 49 8501.619
68 49 8503.882
69 49 8485.685
70 49 8486.187
71 49 8466.318
72 49 8463.929
73 49 8442.156
74 49 8437.912
75 49 8414.396
76 49 8408.482
77 49 8384.638
78 49 8375.649
79 49 8352.755
80 49 8339.564
81 49 8314.048
82 49 8298.814
83 49 8253.773
50 50 8247.942
52 50 8324.377
54 50 8383.57
55 50 8396.509
56 50 8432.712
57 50 8440.097
58 50 8468.758
59 50 8470.6
60 50 8496.104
61 50 8493.186
62 50 8513.674
63 50 8506.854
64 50 8522.576
65 50 8514.088
66 50 8523.134
67 50 8509.63
68 50 8516.561
69 50 8499.477
70 50 8504.548
71 50 8485.257
72 50 8487.945
73 50 8467.278
74 50 8467.441
75 50 8445.567
76 50 8443.564
77 50 8420.78
78 50 8416.765
79 50 8392.84
80 50 8386.868
81 50 8362.896
82 50 8354.93
83 50 8310.68
84 50 8277.873
54 51 8299.13
58 51 8404.89
60 51 8440.583
61 51 8443.648
62 51 8465.3
63 51 8462.683
64 51 8480.915
65 51 8475.813
66 51 8487.942
67 51 8478.942
68 51 8487.937
69 51 8475.69
70 51 8482.023
71 51 8468.288
72 51 8472.329
73 51 8456.161
74 51 8458.164
75 51 8440.355
76 51 8439.824
77 51 8420.605
78 51 8418.046
79 51 8397.409
80 51 8392.602
81 51 8372.634
82 51 8364.873
83 51 8327.034
84 51 8292.117
54 52 8236.717
56 52 8303.168
57 52 8318.381
58 52 8358.545
59 52 8366.839
60 52 8398.275
61 52 8404.636
62 52 8432.778
63 52 8431.15
64 52 8455.687
65 52 8450.931
66 52 8469.953
67 52 8462.094
68 52 8477.338
69 52 8466.93
70 52 8478.137
71 52 8465.544
72 52 8473.273
73 52 8458.039
74 52 8463.242
75 52 8446.113
76 52 8448.74
77 52 8430.396
78 52 8430.312
79 52 8411.221
80 52 8408.44
81 52 8389.081
82 52 8383.836
83 52 8346.47
84 52 8319.429
85 52 8282.114
56 53 8219.474
60 53 8333.83
62 53 8374.564
63 53 8381.902
64 53 8404.395
65 53 8406.119
66 53 8426.789
67 53 8424.027
68 53 8441.754
69 53 8437.019
70 53 8449.195
71 53 8441.483
72 53 8450.294
73 53 8439.937
74 53 8445.481
75 53 8432.829
76 53 8435.96
77 53 8421.071
78 53 8422.309
79 53 8406.435
80 53 8405.319
81 53 8389.288
82 53 8384.838
83 53 8350.986
84 53 8327.072
85 53 8294.988
86 53 8268.249
56 54 8159.116
58 54 8229.531
59 54 8246.942
60 54 8289.205
61 54 8300.97
62 54 8336.835
63 54 8344.297
64 54 8374.981
65 54 8378.441
66 54 8404.032
67 54 8403.764
68 54 8424.664
69 54 8420.926
70 54 8437.554
71 54 8430.88
72 54 8443.712
73 54 8434.105
74 54 8443.296
75 54 8431.4
76 54 8437.74
77 54 8423.748
78 54 8427.633
79 54 8412.647
80 54 8413.689
81 54 8398.505
82 54 8396.158
83 54 8364.256
84 54 8345.985
85 54 8311.585
86 54 8290.919
87 54 8256.283
88 54 8234.897
58 55 8148.088
62 55 8271.435
63 55 8286.405
64 55 8317.334
65 55 8328.48
66 55 8352.899
67 55 8359.11
68 55 8380.379
69 55 8383.432
70 55 8399.785
71 55 8399.221
72 55 8411.561
73 55 8406.491
74 55 8416.056
75 55 8408.789
76 55 8415.063
77 55 8405.612
78 55 8409.978
79 55 8398.646
80 55 8401.338
81 55 8389.77
82 55 8388.956
83 55 8360.146
84 55 8342.338
85 55 8314.331
86 55 8294.351
87 55 8264.881
88 55 8243.641
89 55 8211.879
90 55 8188.751
91 55 8157.557
92 55 8132.475
93 55 8100.195
58 56 8090.038
63 56 8245.928
64 56 8280.294
65 56 8293.89
66 56 8323.756
67 56 8330.208
68 56 8355.82
69 56 8358.17
70 56 8379.718
71 56 8378.437
72 56 8396.24
73 56 8391.109
74 56 8405.549
75 56 8398.587
76 56 8409.373
77 56 8400.205
78 56 8408.171
79 56 8397.533
80 56 8402.755
81 56 8391.827
82 56 8393.42
83 56 8367.017
84 56 8353.174
85 56 8326.028
86 56 8310.836
87 56 8281.977
88 56 8265.467
89 56 8234.1
90 56 8216.445
92 56 8167.277
67 57 8278.292
68 57 8304.642
69 57 8312.426
70 57 8333.538
71 57 8337.24
72 57 8356.064
73 57 8356.196
74 57 8370.367
75 57 8367.881
76 57 8378.841
77 57 8374.488
78 57 8382.849
79 57 8376.046
80 57 8381.586
81 57 8375.164
82 57 8378.063
83 57 8355.083
84 57 8343.264
85 57 8320.902
86 57 8306.235
87 57 8281.725
88 57 8267.131
89 57 8239.325
90 57 8222.709
91 57 8196.551
68 58 8273.257
69 58 8280.762
70 58 8306.925
71 58 8310.94
72 58 8333.216
73 58 8333.449
74 58 8352.362
75 58 8349.867
76 58 8365.794
77 58 8362.049
78 58 8373.466
79 58 8366.955
80 58 8377.059
81 58 8370.428
82 58 8376.368
83 58 8355.459
84 58 8347.108
85 58 8324.715
86 58 8314.795
87 58 8290.081
88 58 8278.847
89 58 8252.628
90 58 8240.335
91 58 8214.397
92 58 8200.968
93 58 8178.103
69 59 8228.913
70 59 8254.38
71 59 8263.756
72 59 8285.972
73 59 8291.431
74 59 8310.258
75 59 8312.777
76 59 8328.928
77 59 8329.911
78 59 8341.528
79 59 8339.238
80 59 8349.482
81 59 8346.58
82 59 8354.029
83 59 8336.347
84 59 8329.464
85 59 8311.575
86 59 8302.168
87 59 8280.6
88 59 8270.612
89 59 8249.508
90 59 8238.418
91 59 8218.952
92 59 8207.823
93 59 8187.433
94 59 8172.43
95 59 8149.519
70 60 8222.513
71 60 8230.311
72 60 8256.81
73 60 8262.231
74 60 8285.538
75 60 8288.154
76 60 8308.512
77 60 8309.561
78 60 8325.5
79 60 8323.482
80 60 8337.824
81 60 8335.552
82 60 8346.066
83 60 8330.524
84 60 8326.959
85 60 8309.223
86 60 8304.127
87 60 8283.638
88 60 8277.213
89 60 8255.479
90 60 8249.643
91 60 8230.338
92 60 8224.062
93 60 8204.702
94 60 8193.075
96 60 8158.429
72 61 8204.283
73 61 8213.225
74 61 8236.165
75 61 8243.926
76 61 8263.651
77 61 8268.543
78 61 8285.514
79 61 8289.056
80 61 8303.94
81 61 8306.766
82 61 8317.769
83 61 8305.331
84 61 8302.701
85 61 8288.692
86 61 8284.411
87 61 8268.268
88 61 8261.573
89 61 8243.852
90 61 8241.331
91 61 8226.18
92 61 8221.392
93 61 8206.221
94 61 8195.511
95 61 8177.068
96 61 8164.631
97 61 8143.276
73 62 8177.626
74 62 8205.916
75 62 8213.798
76 62 8237.928
77 62 8243.078
78 62 8263.82
79 62 8265.879
80 62 8286.017
81 62 8288.224
82 62 8303.723
83 62 8293.057
84 62 8293.895
85 62 8280.614
86 62 8279.673
87 62 8263.508
88 62 8261.663
89 62 8244.012
90 62 8244.102
91 62 8228.574
92 62 8226.876
93 62 8211.264
94 62 8205.066
95 62 8187.419
96 62 8177.059
97 62 8157.53
75 63 8161.62
76 63 8187.218
77 63 8197.732
78 63 8217.691
79 63 8226.472
80 63 8245.824
81 63 8254.191
82 63 8269.321
83 63 8261.964
84 63 8263.58
85 63 8253.849
86 63 8253.59
87 63 8241.38
88 63 8239.339
89 63 8226.624
90 63 8228.74
91 63 8217.139
92 63 8216.715
93 63 8204.682
94 63 8199.85
95 63 8184.759
96 63 8176.76
76 64 8154.975
77 64 8164.608
78 64 8190.256
79 64 8198.326
80 64 8221.937
81 64 8228.953
82 64 8249.557
83 64 8243.378
84 64 8248.382
85 64 8239.527
86 64 8242.641
87 64 8231.084
88 64 8233.449
89 64 8220.465
90 64 8224.843
91 64 8213.297
92 64 8215.368
93 64 8203.55
94 64 8201.865
95 64 8187.659
96 64 8183.057
97 64 8167.233
98 64 8159.077
75 65 8068.672
76 65 8097.475
78 65 8138.323
79 65 8151.287
80 65 8174.961
81 65 8187.186
82 65 8206.688
83 65 8204.344
84 65 8209.864
85 65 8206.371
86 65 8208.913
87 65 8202.052
88 65 8205.093
89 65 8196.703
90 65 8202.942
91 65 8194.682
92 65 8198.184
93 65 8189.195
94 65 8188.842
95 65 8177.507
96 65 8174.52
97 65 8162.853
98 65 8155.666
99 65 8139.797
101 65 8112.929
78 66 8105.69
79 66 8117.202
80 66 8146.107
81 66 8156.712
82 66 8180.943
83 66 8179.238
84 66 8189.198
85 66 8184.719
86 66 8192.959
87 66 8185.793
88 66 8193.157
89 66 8184.382
90 66 8192.439
91 66 8184.648
92 66 8190.16
93 66 8181.623
94 66 8184.087
95 66 8173.344
96 66 8173.49
97 66 8161.818
98 66 8158.746
99 66 8143.942
100 66 8137.313
101 66 8121.028
102 66 8112.563
103 66 8094.798
80 67 8094.584
81 67 8109.142
82 67 8133.54
83 67 8134.855
84 67 8145.588
85 67 8144.942
86 67 8153.684
87 67 8150.713
88 67 8159.204
89 67 8154.249
90 67 8163.111
91 67 8158.493
92 67 8165.145
93 67 8158.635
94 67 8163.153
95 67 8155.452
96 67 8157.002
97 67 8147.963
98 67 8146.998
99 67 8135.532
100 67 8130.415
101 67 8116.85
102 67 8109.103
103 67 8093.831
104 67 8083.642
81 68 8074.955
82 68 8102.206
83 68 8104.869
84 68 8119.347
85 68 8118.954
86 68 8132.438
87 68 8129.484
88 68 8141.915
89 68 8136.414
90 68 8147.926
91 68 8142.813
92 68 8151.685
93 68 8145.91
94 68 8152.447
95 68 8144.78
96 68 8149.061
97 68 8139.976
98 68 8141.992
99 68 8131.779
100 68 8129.634
101 68 8117.052
102 68 8111.994
103 68 8097.781
104 68 8090.444
82 69 8050.124
83 69 8056.769
84 69 8071.536
85 69 8074.222
86 69 8088.436
87 69 8089.637
88 69 8101.428
89 69 8101.199
90 69 8112.754
91 69 8110.82
92 69 8120.49
93 69 8117.624
94 69 8125.017
95 69 8119.528
96 69 8125.584
97 69 8118.98
98 69 8122.613
99 69 8114.982
100 69 8114.501
101 69 8105.545
102 69 8101.923
103 69 8091.073
104 69 8084.479
105 69 8070.672
106 69 8061.795
107 69 8045.137
81 70 7983.765
82 70 8015.668
84 70 8039.95
85 70 8043.828
86 70 8061.703
87 70 8062.894
88 70 8079.232
89 70 8078.101
90 70 8092.601
91 70 8090.447
92 70 8102.597
93 70 8099.17
94 70 8109.478
95 70 8104.79
96 70 8112.427
97 70 8106.226
98 70 8111.855
99 70 8104.489
100 70 8106.639
101 70 8097.913
102 70 8097.457
103 70 8087.456
104 70 8083.876
105 70 8070.954
106 70 8064.1
107 70 8049.989
108 70 8042.857
82 71 7959.3
84 71 7987.495
85 71 7995.697
86 71 8013.588
87 71 8018.581
88 71 8034.64
89 71 8038.338
90 71 8052.781
91 71 8054.59
92 71 8066.684
93 71 8065.803
94 71 8076.745
95 71 8074.175
96 71 8083.021
97 71 8080.35
98 71 8086.292
99 71 8081.691
100 71 8084.691
101 71 8078.263
102 71 8079.058
103 71 8071.482
104 71 8069.169
105 71 8059.049
106 71 8053.478
107 71 8042.083
108 71 8035.102
109 71 8022.088
84 72 7952.876
86 72 7981.286
87 72 7986.566
88 72 8006.369
89 72 8009.142
90 72 8027.145
91 72 8028.11
92 72 8043.833
93 72 8042.872
94 72 8056.438
95 72 8054.184
96 72 8065.553
97 72 8061.778
98 72 8070.875
99 72 8066.068
100 72 8071.751
101 72 8066.016
102 72 8068.545
103 72 8060.774
104 72 8061.366
105 72 8051.886
106 72 8049.493
107 72 8038.596
108 72 8034.981
109 72 8022.052
110 72 8014.886
111 72 8000.045
112 72 7990.732
84 73 7896.268
86 73 7928.783
87 73 7938.593
89 73 7964.348
90 73 7981.929
91 73 7986.997
92 73 8003.098
93 73 8004.971
94 73 8018.861
95 73 8019.428
96 73 8030.957
97 73 8030.296
98 73 8039.791
99 73 8037.705
100 73 8044.064
101 73 8040.452
102 73 8044.445
103 73 8038.67
104 73 8040.878
105 73 8034.216
106 73 8033.636
107 73 8025.9
108 73 8023.418
109 73 8012.647
110 73 8006.753
111 73 7993.763
112 73 7986.37
113 73 7971.84
86 74 7892.993
88 74 7923.837
89 74 7930.308
90 74 7951.44
91 74 7955.974
92 74 7974.921
93 74 7976.676
94 74 7993.916
95 74 7994.537
96 74 8008.962
97 74 8008.115
98 74 8020.175
99 74 8018.333
100 74 8027.256
101 74 8024.112
102 74 8030.112
103 74 8025.035
104 74 8029.308
105 74 8023.328
106 74 8025.488
107 74 8018.059
108 74 8018.316
109 74 8008.33
110 74 8005.087
111 74 7992.917
112 74 7988.607
113 74 7975.12
114 74 7969.048
115 74 7952.715
116 74 7947.121
86 75 7836.532
88 75 7870.893
90 75 7901.504
93 75 7935.12
94 75 7951.257
95 75 7955.092
96 75 7969.412
97 75 7971.592
98 75 7983.906
99 75 7985.094
100 75 7994.816
101 75 7993.97
102 75 8001.222
103 75 7998.157
104 75 8003.776
105 75 8000.004
106 75 8004.11
107 75 7998.633
108 75 8001.017
109 75 7992.788
110 75 7991.026
111 75 7981.286
112 75 7977.947
113 75 7966.743
114 75 7961.804
115 75 7949.687
116 75 7943.949
88 76 7833.52
90 76 7866.378
91 76 7873.979
92 76 7895.914
93 76 7901.276
94 76 7921.137
95 76 7924.152
96 76 7942.129
97 76 7944.033
98 76 7959.466
99 76 7960.725
100 76 7972.678
101 76 7972.397
102 76 7981.923
103 76 7979.483
104 76 7987.431
105 76 7983.442
106 76 7989.728
107 76 7985.002
108 76 7988.696
109 76 7981.323
110 76 7982.829
111 76 7973.776
112 76 7973.86
113 76 7962.995
114 76 7962.096
115 76 7950.56
116 76 7948.516
117 76 7936.261
118 76 7932.01
119 76 7918.658
120 76 7912.248
90 77 7812.863
92 77 7845.521
94 77 7873.595
96 77 7898.087
97 77 7902.513
98 77 7918.105
99 77 7921.433
100 77 7934.632
101 77 7936.549
102 77 7947.5
103 77 7947.633
104 77 7956.572
105 77 7954.894
106 77 7961.79
107 77 7959.198
108 77 7963.722
109 77 7958.05
110 77 7961.558
111 77 7954.761
112 77 7956.039
113 77 7947.688
114 77 7948.101
115 77 7938.986
116 77 7938.121
117 77 7928.475
118 77 7924.902
119 77 7914.163
120 77 7909.018
122 77 7891.218
90 78 7773.784
92 78 7808.273
93 78 7816.624
94 78 7839.212
95 78 7845.413
96 78 7866.122
97 78 7869.415
98 78 7888.958
99 78 7892.489
100 78 7908.255
101 78 7910.651
102 78 7923.611
103 78 7924.088
104 78 7934.758
105 78 7933.336
106 78 7942.562
107 78 7939.75
108 78 7946.809
109 78 7941.317
110 78 7947.912
111 78 7941.477
112 78 7946.582
113 78 7938.725
114 78 7942.514
115 78 7933.773
116 78 7935.957
117 78 7926.567
118 78 7926.544
119 78 7915.984
120 78 7914.169
121 78 7902.319
122 78 7899.216
123 78 7885.835
92 79 7754.121
94 79 7788.163
96 79 7817.818
98 79 7843.887
99 79 7849.524
100 79 7865.433
101 79 7870.156
102 79 7883.835
103 79 7887.226
104 79 7898.538
105 79 7900.194
106 79 7909.488
107 79 7909.54
108 79 7917.305
109 79 7914.378
110 79 7921.987
111 79 7919.086
112 79 7924.741
113 79 7920.125
114 79 7924.11
115 79 7919.032
116 79 7921.392
117 79 7914.861
118 79 7915.661
119 79 7908.573
120 79 7906.943
121 79 7898.635
122 79 7895.176
123 79 7886.14
124 79 7880.864
92 80 7713.757
94 80 7749.821
95 80 7759.325
96 80 7782.632
97 80 7789.922
98 80 7811.368
99 80 7816.199
100 80 7836.078
101 80 7839.679
102 80 7856.968
103 80 7859.361
104 80 7874.368
105 80 7874.496
106 80 7888.261
107 80 7886.986
108 80 7899.051
109 80 7896.942
110 80 7907.016
111 80 7903.805
112 80 7912.065
113 80 7907.914
114 80 7914.643
115 80 7909.329
116 80 7914.373
117 80 7908.643
118 80 7911.553
119 80 7905.284
120 80 7905.899
121 80 7897.564
122 80 7896.852
123 80 7887.482
124 80 7885.545
125 80 7874.731
126 80 7869.17
127 80 7847.312
96 81 7732.096
98 81 7763.666
100 81 7791.931
101 81 7796.487
102 81 7815.674
103 81 7818.681
104 81 7835.564
105 81 7839.167
106 81 7852.458
107 81 7853.108
108 81 7866.196
109 81 7865.86
110 81 7877.134
111 81 7876.016
112 81 7884.523
113 81 7882.951
114 81 7890.727
115 81 7888.289
116 81 7893.505
117 81 7890.127
118 81 7893.876
119 81 7889.707
120 81 7891.277
121 81 7886.234
122 81 7886.052
123 81 7880.022
124 81 7878.393
125 81 7871.72
126 81 7866.793
127 81 7847.18
128 81 7833.365
129 81 7813.585
96 82 7690.866
98 82 7725.688
99 82 7734.258
100 82 7756.338
101 82 7762.117
102 82 7782.692
103 82 7786.932
104 82 7805.343
105 82 7808.363
106 82 7824.844
107 82 7826.48
108 82 7841.13
109 82 7841.441
110 82 7854.669
111 82 7853.918
112 82 7865.416
113 82 7863.94
114 82 7873.4
115 82 7871.298
116 82 7878.882
117 82 7875.717
118 82 7881.771
119 82 7877.812
120 82 7882.115
121 82 7877.397
122 82 7879.931
123 82 7874.33
124 82 7875.361
125 82 7869.865
126 82 7867.452
127 82 7848.647
128 82 7835.964
129 82 7817
130 82 7804.312
131 82 7785.082
132 82 7772.386
103 83 7739.245
104 83 7758.155
105 83 7764.244
106 83 7780.98
107 83 7786.939
108 83 7800.665
109 83 7803.666
110 83 7817.11
111 83 7819.025
112 83 7830.748
113 83 7831.9
114 83 7841.636
115 83 7841.189
116 83 7849.526
117 83 7848.494
118 83 7854.806
119 83 7852.496
120 83 7857.549
121 83 7854.32
122 83 7857.302
123 83 7853.323
124 83 7854.504
125 83 7849.852
126 83 7847.985
127 83 7832.541
128 83 7819.77
129 83 7803.31
130 83 7791.016
131 83 7773.492
132 83 7761.627
133 83 7743.499
104 84 7724.622
105 84 7731.096
106 84 7749.454
107 84 7753.708
108 84 7771.078
109 84 7774.129
110 84 7789.296
111 84 7791.1
112 84 7804.773
113 84 7805.535
114 84 7817.561
115 84 7817.537
116 84 7827.504
117 84 7826.58
118 84 7834.719
119 84 7832.844
120 84 7839.045
121 84 7836.156
122 84 7840.563
123 84 7836.673
124 84 7839.357
125 84 7835.187
126 84 7834.345
127 84 7818.783
128 84 7810.243
129 84 7794.023
130 84 7785.115
131 84 7768.169
132 84 7758.813
133 84 7741.281
134 84 7731.521
108 85 7727.518
109 85 7734.658
110 85 7748.121
111 85 7752.051
112 85 7765.96
113 85 7769.159
114 85 7781.466
115 85 7783.758
116 85 7794.153
117 85 7794.542
118 85 7803.652
119 85 7803.552
120 85 7810.205
121 85 7808.793
122 85 7814.037
123 85 7811.663
124 85 7814.763
125 85 7811.662
126 85 7811.354
127 85 7798.306
128 85 7790.003
129 85 7776.365
130 85 7767.855
131 85 7752.999
132 85 7744.612
133 85 7729.124
134 85 7720.191
135 85 7703.81
109 86 7700.307
110 86 7717.99
111 86 7722.294
112 86 7737.726
113 86 7740.846
114 86 7754.938
115 86 7756.841
116 86 7769.303
117 86 7770.226
118 86 7780.642
119 86 7780.742
120 86 7788.956
121 86 7787.98
122 86 7794.231
123 86 7792.115
124 86 7796.632
125 86 7793.941
126 86 7794.797
127 86 7782.192
128 86 7777.102
129 86 7763.814
130 86 7758.644
131 86 7744.403
132 86 7738.751
133 86 7723.771
134 86 7717.248
135 86 7701.388
136 86 7694.491
112 87 7695.312
113 87 7700.385
114 87 7714.797
115 87 7718.812
116 87 7731.783
117 87 7734.687
118 87 7745.686
119 87 7746.94
120 87 7756.232
121 87 7756.899
122 87 7763.686
123 87 7763.136
124 87 7768.443
125 87 7766.946
126 87 7768.433
127 87 7757.739
128 87 7753.26
129 87 7742.414
130 87 7737.774
131 87 7726.715
132 87 7721.169
133 87 7709.74
134 87 7703.252
135 87 7691.076
136 87 7683.658
137 87 7670.775
138 87 7662.97
139 87 7649.028
140 87 7640.836
142 87 7617.691
114 88 7684.883
115 88 7689.628
116 88 7704.156
117 88 7706.997
118 88 7719.805
119 88 7721.634
120 88 7732.084
121 88 7733.033
122 88 7741.281
123 88 7741.066
124 88 7747.472
125 88 7746.415
126 88 7749.135
127 88 7739.317
128 88 7737.347
129 88 7726.921
130 88 7724.998
131 88 7714.054
132 88 7711.684
133 88 7701.134
134 88 7696.687
135 88 7685.303
136 88 7679.917
137 88 7667.581
138 88 7661.956
139 88 7648.297
140 88 7642.421
141 88 7628.482
142 88 7621.907
117 89 7667.724
118 89 7681.172
119 89 7684.831
120 89 7695.847
121 89 7697.896
122 89 7707.176
123 89 7708.546
124 89 7715.524
125 89 7715.907
126 89 7719.501
127 89 7711.356
128 89 7710.324
129 89 7702.176
130 89 7700.548
131 89 7692.315
132 89 7690.539
133 89 7682.802
134 89 7679.141
135 89 7670.14
136 89 7665.686
137 89 7655.658
138 89 7650.701
139 89 7639.191
140 89 7632.966
141 89 7621.593
142 89 7614.407
143 89 7602.45
119 90 7655.464
120 90 7669.156
121 90 7671.711
122 90 7682.156
123 90 7683.852
124 90 7692.237
125 90 7693.001
126 90 7697.634
127 90 7690.547
128 90 7691.567
129 90 7683.72
130 90 7684.589
131 90 7676.072
132 90 7676.659
133 90 7668.64
134 90 7667.712
135 90 7659.222
136 90 7657.121
137 90 7647.452
138 90 7645.074
139 90 7634.646
140 90 7630.99
141 90 7620.112
142 90 7615.026
143 90 7602.886
144 90 7596.849
145 90 7583.374
121 91 7633.543
122 91 7644.76
123 91 7647.584
124 91 7657.061
125 91 7659.308
126 91 7664.579
127 91 7659.104
128 91 7661.662
129 91 7655.089
130 91 7656.961
132 91 7651.971
133 91 7646.925
134 91 7646.721
135 91 7641.11
136 91 7639.488
137 91 7632.204
138 91 7629.869
139 91 7621.891
140 91 7618.42
141 91 7609.501
142 91 7604.864
143 91 7594.673
144 91 7588.236
145 91 7577.504
146 91 7569.902
147 91 7558.87
125 92 7635.026
126 92 7640.587
127 92 7636.669
131 92 7632.688
132 92 7635.203
133 92 7629.747
134 92 7631.916
135 92 7626.393
136 92 7627.455
137 92 7620.721
138 92 7620.923
139 92 7613.381
140 92 7611.892
141 92 7603.953
142 92 7600.708
143 92 7590.907
144 92 7586.477
145 92 7576.094
146 92 7570.12
147 92 7558.557
148 92 7551.771
132 93 7607.544
134 93 7607.351
136 93 7606.087
137 93 7601.776
138 93 7602.125
140 93 7596.176
141 93 7589.63
142 93 7587.049
143 93 7579.209
144 93 7574.982
145 93 7566.214
146 93 7560.561
147 93 7550.18
148 93 7544.263
149 93 7533.397
134 94 7590.489
135 94 7586.862
136 94 7590.994
137 94 7587.222
138 94 7588.963
139 94 7583.796
140 94 7584.607
141 94 7578.873
142 94 7577.913
143 94 7570.752
144 94 7568.354
145 94 7560.311
146 94 7556.036
147 94 7546.432
148 94 7541.321
149 94 7531.004
150 94 7524.817
151 94 7513.576
152 94 7506.538
143 95 7555.578
144 95 7553.681
145 95 7547.006
146 95 7543.272
147 95 7534.984
148 95 7530.169
149 95 7521.301
150 95 7515.306
151 95 7504.986
137 96 7546.002
138 96 7550.681
142 96 7548.203
144 96 7542.856
145 96 7536.841
146 96 7534.497
147 96 7526.918
148 96 7523.944
149 96 7515.766
150 96 7511.465
151 96 7501.928
152 96 7496.731
153 96 7485.552
154 96 7478.94
155 96 7466.724
146 97 7517.495
147 97 7511.468
148 97 7509.264
149 97 7502.797
150 97 7498.936
152 97 7486.027
153 97 7475.961
154 97 7469.264
144 98 7509.302
146 98 7505.132
147 98 7499.657
148 98 7499.115
149 98 7493.153
150 98 7491.036
151 98 7483.383
152 98 7479.95
153 98 7470.502
154 98 7465.349
155 98 7454.831
156 98 7449.228
152 99 7465.881
153 99 7457.244
154 99 7452.874
155 99 7443.584
156 99 7437.822
146 100 7468.166
148 100 7465.91
150 100 7462.084
151 100 7456.89
152 100 7456.031
153 100 7448.455
154 100 7444.786
155 100 7435.89
156 100 7431.783
157 100 7422.196
154 101 7428.729
155 101 7420.409
156 101 7417.569
157 101 7409.669
150 102 7425.76
152 102 7423.586
153 102 7417.776
154 102 7416.539
155 102 7409.683
152 104 7385.381
157 104 7371.396
154 106 7342.424
159 106 7332.652
156 108 7298.239
