1 0 0
0 1 0
1 1 1112.283
2 1 2827.265
3 1 1720.449
4 1 1336.359
5 1 961.639
1 2 2572.68
2 2 7073.915
3 2 5512.132
4 2 4878.519
5 2 4123.057
6 2 3924.52
7 2 3349.037
8 2 2995.134
1 3 1153.76
2 3 5266.132
3 3 5332.331
4 3 5606.439
5 3 5159.712
6 3 5037.768
7 3 4531.351
8 3 4155.381
9 3 3791.6
10 3 3507.63
2 4 4487.247
3 4 5371.548
4 4 7062.435
5 4 6462.668
6 4 6497.63
7 4 5952.54
8 4 5720.722
9 4 5241.435
10 4 4993.897
11 4 4540.97
12 4 4285.285
2 5 3558.705
3 5 4717.155
4 5 6257.07
5 5 6475.083
6 5 6927.732
7 5 6631.223
8 5 6496.419
9 5 6101.644
10 5 5879.985
11 5 5507.302
12 5 5269.667
13 5 4976.63
14 5 4719.634
2 6 3101.524
3 6 4337.423
4 6 6032.042
5 6 6676.456
6 6 7680.144
7 6 7469.849
8 6 7520.319
9 6 7100.169
10 6 6922.054
11 6 6558.024
12 6 6426.131
13 6 6118.273
14 6 5961.435
16 6 5421.077
3 7 3643.672
4 7 5364.046
5 7 6170.109
6 7 7238.863
7 7 7475.614
8 7 7699.46
9 7 7373.796
10 7 7286.229
11 7 7038.562
12 7 6948.543
13 7 6709.171
14 7 6609.015
15 7 6378.534
16 7 6236.671
4 8 4890.202
5 8 5811.763
6 8 7052.278
7 8 7463.692
8 8 7976.206
9 8 7750.728
10 8 7767.097
11 8 7566.495
12 8 7568.57
13 8 7389.374
14 8 7364.871
15 8 7163.485
16 8 7039.685
17 8 6727.805
18 8 6497.478
5 9 5285.208
6 9 6497.459
7 9 6963.731
8 9 7542.328
9 9 7631.638
10 9 7779.018
11 9 7720.134
12 9 7738.293
13 9 7624.295
14 9 7622.344
15 9 7463.582
16 9 7336.306
17 9 7083.24
18 9 6867.932
19 9 6614.792
20 9 6444.031
5 10 4868.728
6 10 6083.177
7 10 6640.499
8 10 7341.257
9 10 7567.343
10 10 8032.24
11 10 7971.713
12 10 8080.465
13 10 7955.256
14 10 7993.325
15 10 7839.799
16 10 7751.91
17 10 7520.414
18 10 7388.346
19 10 7167.067
20 10 7034.531
21 10 6813.09
6 11 5496.08
7 11 6202.217
8 11 6937.885
9 11 7298.496
10 11 7765.547
11 11 7915.667
12 11 8111.493
13 11 8063.488
14 11 8101.397
15 11 8004.201
16 11 7956.946
17 11 7799.264
18 11 7682.151
19 11 7501.968
20 11 7398.677
21 11 7219.881
22 11 7089.926
23 11 6886.437
7 12 5902.025
8 12 6728.025
9 12 7105.031
10 12 7662.761
11 12 7901.115
12 12 8260.709
13 12 8223.502
14 12 8333.87
15 12 8263.852
16 12 8272.413
17 12 8113.202
18 12 8054.506
19 12 7869.188
20 12 7803.84
21 12 7636.455
22 12 7550.39
23 12 7356.233
24 12 7244.419
25 12 7055.111
10 13 7335.727
11 13 7649.582
12 13 8021.136
13 13 8149.765
14 13 8331.553
15 13 8309.894
16 13 8348.464
17 13 8261.128
18 13 8225.517
19 13 8100.344
20 13 8020.616
21 13 7860.428
22 13 7787.124
23 13 7623.515
24 13 7531.315
25 13 7377.097
10 14 7167.232
11 14 7480.11
12 14 7924.708
13 14 8124.341
14 14 8447.744
15 14 8448.635
16 14 8520.654
17 14 8458.291
18 14 8481.468
19 14 8361.059
20 14 8336.141
21 14 8169.563
22 14 8112.519
23 14 7952.903
24 14 7892.829
25 14 7730.979
26 14 7661.754
27 14 7508.573
12 15 7663.438
13 15 7907.479
14 15 8251.236
15 15 8353.506
16 15 8481.167
17 15 8464.12
18 15 8513.806
19 15 8448.185
20 15 8446.249
21 15 8307.868
22 15 8267.555
23 15 8147.274
24 15 8097.969
25 15 7980.796
26 15 7906.551
27 15 7767.866
28 15 7689.572
12 16 7478.79
13 16 7748.52
14 16 8122.707
15 16 8281.8
16 16 8493.129
17 16 8497.63
18 16 8583.498
19 16 8537.85
20 16 8575.389
21 16 8459.935
22 16 8448.782
23 16 8344.269
24 16 8329.325
25 16 8229.635
26 16 8193.227
27 16 8063.827
28 16 7996.015
29 16 7881.807
12 17 7158.832
14 17 7869.209
15 17 8072.404
16 17 8304.755
17 17 8398.97
18 17 8520.278
19 17 8521.931
20 17 8570.281
21 17 8505.481
22 17 8494.402
23 17 8427.765
24 17 8412.959
25 17 8345.886
26 17 8323.866
27 17 8232.332
28 17 8181.598
29 17 8083.48
12 18 6904.204
14 18 7700.008
15 18 7928.955
16 18 8197.672
17 18 8327.461
18 18 8519.909
19 18 8527.139
20 18 8614.28
21 18 8562.598
22 18 8595.259
23 18 8534.372
24 18 8555.613
25 18 8488.237
26 18 8493.84
27 18 8419.952
28 18 8412.419
29 18 8311.404
30 18 8242.132
16 19 7965.84
17 19 8142.219
18 19 8339.847
19 19 8438.058
20 19 8557.025
21 19 8538.09
22 19 8576.072
23 19 8551.256
24 19 8576.22
25 19 8546.701
26 19 8554.674
27 19 8518.042
28 19 8514.879
29 19 8434.232
30 19 8372.274
31 19 8288.582
32 19 8221.349
33 19 8115.029
34 19 8022.848
16 20 7815.879
17 20 8003.456
18 20 8240.043
19 20 8369.67
20 20 8551.303
21 20 8546.706
22 20 8616.563
23 20 8600.663
24 20 8658.175
25 20 8630.545
26 20 8668.979
27 20 8639.349
28 20 8666.686
29 20 8594.844
30 20 8550.163
31 20 8476.913
32 20 8429.381
33 20 8330.577
34 20 8247.496
18 21 8013.456
19 21 8173.669
20 21 8369.198
21 21 8444.933
22 21 8530.825
23 21 8557.379
24 21 8618.931
25 21 8622.012
26 21 8665.09
27 21 8656.204
28 21 8686.256
29 21 8633.679
30 21 8596.796
31 21 8533.125
32 21 8495.421
33 21 8394.681
34 21 8320.955
35 21 8221.728
36 21 8151.433
18 22 7862.286
19 22 8034.388
20 22 8259.247
21 22 8352.932
22 22 8533.52
23 22 8555.722
24 22 8656.451
25 22 8661.227
26 22 8723.006
27 22 8711.157
28 22 8755.718
29 22 8708.988
30 22 8691.667
31 22 8630.174
32 22 8597.435
33 22 8515.98
34 22 8466.11
35 22 8364.37
20 23 8069.512
21 23 8210.463
22 23 8380.029
23 23 8486.13
24 23 8582.225
25 23 8623.061
26 23 8682.908
27 23 8695.918
28 23 8742.099
29 23 8714.582
30 23 8710.13
31 23 8662.043
32 23 8637.692
33 23 8574.191
34 23 8534.817
35 23 8457.658
36 23 8407.555
37 23 8325.45
38 23 8276.439
21 24 8087.728
22 24 8303.823
23 24 8407.195
24 24 8572.269
25 24 8613.291
26 24 8701.032
27 24 8712.005
28 24 8775.989
29 24 8760.198
30 24 8777.955
31 24 8731.924
32 24 8723.258
33 24 8663.394
34 24 8643.998
35 24 8568.087
36 24 8536.205
37 24 8459.824
38 24 8428.069
39 24 8344.828
40 24 8301.058
22 25 8135.311
23 25 8274.185
24 25 8439.929
25 25 8532.696
26 25 8633.772
27 25 8670.329
28 25 8734.175
29 25 8737.965
30 25 8765.022
31 25 8738.333
32 25 8736.713
33 25 8696.643
34 25 8680.921
35 25 8628.138
36 25 8598.915
37 25 8538.499
38 25 8505.101
39 25 8437.417
40 25 8400.681
41 25 8331.798
23 26 8161.311
24 26 8354.026
25 26 8460.759
26 26 8609.574
27 26 8648.799
28 26 8736.382
29 26 8746.595
30 26 8790.354
31 26 8770.279
32 26 8792.25
33 26 8754.771
34 26 8755.851
35 26 8703.768
36 26 8692.882
37 26 8631.549
38 26 8612.388
39 26 8546.346
40 26 8521.724
41 26 8448.469
42 26 8411.698
24 27 8193.254
25 27 8325.886
26 27 8477.658
27 27 8569.217
28 27 8669.618
29 27 8694.836
30 27 8741.882
31 27 8738.969
32 27 8768.035
33 27 8746.766
34 27 8756.148
35 27 8721.332
36 27 8717.795
37 27 8675.52
38 27 8656.884
39 27 8605.941
40 27 8581.741
41 27 8524.366
42 27 8493.865
44 27 8398.734
25 28 8217.074
26 28 8393.032
27 28 8497.32
28 28 8642.779
29 28 8670.933
30 28 8732.059
31 28 8736.588
32 28 8780.774
33 28 8765.025
34 28 8794.553
35 28 8763.493
36 28 8777.461
37 28 8736.24
38 28 8739.508
39 28 8695.75
40 28 8682.466
41 28 8623.099
42 28 8604.291
43 28 8543.156
44 28 8520.211
45 28 8457.652
26 29 8233.996
27 29 8356.227
28 29 8503.262
29 29 8570.967
30 29 8642
31 29 8665.602
32 29 8715.514
33 29 8718.081
34 29 8752.138
35 29 8739.075
36 29 8757.096
37 29 8731.472
38 29 8737.458
39 29 8701.89
40 29 8695.204
41 29 8646.865
42 29 8635.022
43 29 8586.525
44 29 8568.569
45 29 8521.562
46 29 8495.094
47 29 8443.527
49 29 8350.925
28 30 8395.944
29 30 8473.777
30 30 8583.05
31 30 8610.309
32 30 8679.343
33 30 8686.285
34 30 8735.905
35 30 8724.265
36 30 8759.632
37 30 8734.152
38 30 8755.68
39 30 8722.729
40 30 8729.808
41 30 8689.041
42 30 8691.805
43 30 8648.345
44 30 8642.754
45 30 8592.497
46 30 8582.273
47 30 8530.003
48 30 8507.379
49 30 8450.582
50 30 8423.545
51 30 8351.925
52 30 8301.117
30 31 8446.431
31 31 8518.642
32 31 8583.926
33 31 8611.631
34 31 8662.16
35 31 8669.361
36 31 8707.531
37 31 8701.218
38 31 8724.579
39 31 8709.28
40 31 8717.604
41 31 8687.089
42 31 8693.873
43 31 8663.167
44 31 8660.808
45 31 8624.526
46 31 8613.39
47 31 8577.127
48 31 8556.063
49 31 8508.454
50 31 8483.357
51 31 8421.049
52 31 8372.575
31 32 8418.716
32 32 8528.823
33 32 8555.058
34 32 8625.437
35 32 8632.857
36 32 8688.136
37 32 8680.963
38 32 8721.7
39 32 8703.309
40 32 8731.745
41 32 8705.049
42 32 8725.2
43 32 8695.609
44 32 8705.236
45 32 8671.028
46 32 8671.663
47 32 8634.501
48 32 8627.57
49 32 8580.658
50 32 8563.756
51 32 8504.345
52 32 8465.524
53 32 8401.768
54 32 8354.629
32 33 8396.234
33 33 8468.403
34 33 8530.568
35 33 8557.745
36 33 8611.821
37 33 8621.666
38 33 8663.932
39 33 8660.378
40 33 8689.609
41 33 8680.001
42 33 8700.874
43 33 8682.816
44 33 8695.978
45 33 8673.875
46 33 8676.616
47 33 8651.28
48 33 8648.056
49 33 8611.414
50 33 8599.653
51 33 8547.938
52 33 8510.984
53 33 8456.721
54 33 8413.851
33 34 8369.534
34 34 8477.047
35 34 8503.707
36 34 8576.033
37 34 8586.06
38 34 8644.489
39 34 8641.558
40 34 8687.715
41 34 8678.913
42 34 8711.477
43 34 8694.69
44 34 8717.806
45 34 8695.592
46 34 8710.813
47 34 8685.999
48 34 8693.196
49 34 8658.555
50 34 8658.793
51 34 8610.304
52 34 8581.822
53 34 8529.091
54 34 8495.004
55 34 8435.279
56 34 8395.766
57 34 8334.837
34 35 8344.902
35 35 8414.796
36 35 8481.462
37 35 8511.312
38 35 8568.103
39 35 8583.561
40 35 8627.649
41 35 8635.882
42 35 8666.806
43 35 8661.959
44 35 8687.594
45 35 8677.653
46 35 8695.946
47 35 8682.494
48 35 8693.384
49 35 8671.329
50 35 8673.592
51 35 8632.365
52 35 8605.91
53 35 8563.747
54 35 8530.779
55 35 8478.186
56 35 8441.923
57 35 8384.911
58 35 8345.598
35 36 8327.13
36 36 8429.319
37 36 8460.184
38 36 8533.038
39 36 8553.439
40 36 8608.807
41 36 8616.836
42 36 8661.238
43 36 8657.112
44 36 8692.928
45 36 8682.82
46 36 8710.675
47 36 8695.729
48 36 8717.446
49 36 8698.562
50 36 8712.029
51 36 8675.283
52 36 8656.849
53 36 8614.815
54 36 8591.259
55 36 8541.751
56 36 8512.674
57 36 8458.108
58 36 8424.331
59 36 8365.995
60 36 8330.851
61 36 8269.864
37 37 8381.712
38 37 8448.275
39 37 8486.215
40 37 8537.339
41 37 8558.35
42 37 8601.142
43 37 8611.675
44 37 8645.513
45 37 8647.427
46 37 8675.218
47 37 8676.224
48 37 8697.441
49 37 8696.901
50 37 8710.983
51 37 8681.115
52 37 8664.189
53 37 8631.512
54 37 8607.561
55 37 8569.422
56 37 8540.92
57 37 8492.764
58 37 8460.208
59 37 8408.896
60 37 8376.186
61 37 8330.729
62 37 8295.3
63 37 8244.32
37 38 8296.511
38 38 8393.929
39 38 8435.918
40 38 8500.096
41 38 8523.82
42 38 8578.596
43 38 8587.354
44 38 8635.718
45 38 8638.407
46 38 8677.512
47 38 8675.718
48 38 8708.456
49 38 8705.236
50 38 8732.595
51 38 8705.922
52 38 8695.972
53 38 8663.875
54 38 8648.906
55 38 8612.787
56 38 8593.834
57 38 8549.111
58 38 8521.265
59 38 8471.856
60 38 8445.745
61 38 8402.552
62 38 8372.234
63 38 8324.74
64 38 8291.22
40 39 8416.967
41 39 8454.275
42 39 8505.902
43 39 8529.275
44 39 8573.656
45 39 8587.78
46 39 8628.148
47 39 8638.428
48 39 8674.844
49 39 8682.539
50 39 8713.978
51 39 8693.345
52 39 8684.941
53 39 8661.589
54 39 8648.905
55 39 8622.806
56 39 8604.973
57 39 8569.488
58 39 8541.522
59 39 8497.677
60 39 8476.755
61 39 8439.476
62 39 8413.391
63 39 8371.922
64 39 8342.638
66 39 8269.02
41 40 8394.358
42 40 8465.676
43 40 8488.399
44 40 8549.029
45 40 8564.039
46 40 8614.051
47 40 8623.654
48 40 8666.033
49 40 8673.359
50 40 8709.969
51 40 8693.314
52 40 8692.678
53 40 8671.62
54 40 8666.801
55 40 8643.592
56 40 8635.327
57 40 8603.779
58 40 8581.448
59 40 8539.264
60 40 8522.153
61 40 8485.892
62 40 8466.355
63 40 8425.895
64 40 8402.377
65 40 8358.659
66 40 8328.45
67 40 8287.073
42 41 8378.304
43 41 8418.252
44 41 8473.711
45 41 8502.222
46 41 8551.757
47 41 8572.424
48 41 8616.812
49 41 8633.376
50 41 8670.897
51 41 8662.372
52 41 8664.184
53 41 8648.901
54 41 8647.212
55 41 8628.886
56 41 8623.168
57 41 8596.301
58 41 8578.985
59 41 8548.529
60 41 8534.835
61 41 8504.928
62 41 8488.331
63 41 8453.459
64 41 8431.692
65 41 8393.271
66 41 8367.089
67 41 8325.665
68 41 8297.13
69 41 8255.26
43 42 8361.331
44 42 8434.709
45 42 8462.424
46 42 8523.908
47 42 8544.984
48 42 8597.028
49 42 8613.628
50 42 8657.73
51 42 8651.409
52 42 8662.333
53 42 8648.72
54 42 8653.987
55 42 8635.092
56 42 8635.168
57 42 8607.797
58 42 8604.662
59 42 8572.915
60 42 8568.45
61 42 8538.328
62 42 8527.965
63 42 8494.923
64 42 8479.581
65 42 8442.28
66 42 8422.219
67 42 8381.477
68 42 8359.354
69 42 8315.292
44 43 8347.744
45 43 8389.958
46 43 8450.575
47 43 8483.359
48 43 8536.655
49 43 8563.543
50 43 8608.577
51 43 8608.736
52 43 8622.69
53 43 8614.866
54 43 8623.725
55 43 8610.004
56 43 8613.61
57 43 8595.118
58 43 8593.136
59 43 8570.65
60 43 8566.103
61 43 8541.149
62 43 8534.643
63 43 8506.556
64 43 8492.897
65 43 8462.816
66 43 8444.178
67 43 8411.259
68 43 8390.089
69 43 8353.621
70 43 8329.464
71 43 8290.259
72 43 8268.527
46 44 8409.768
47 44 8442.928
48 44 8504.773
49 44 8531.462
50 44 8583.661
51 44 8587.47
52 44 8609.412
53 44 8604.279
54 44 8620.313
55 44 8608.712
56 44 8619.359
57 44 8601.365
58 44 8607.427
59 44 8584.365
60 44 8587.399
61 44 8561.9
62 44 8560.94
63 44 8533.366
64 44 8527.225
65 44 8496.227
66 44 8486.311
67 44 8452.957
68 44 8439.242
69 44 8402.688
70 44 8385.34
71 44 8347.547
72 44 8326.883
73 44 8285.562
47 45 8373.42
48 45 8434.825
49 45 8472.402
50 45 8525.37
51 45 8534.673
52 45 8559.894
53 45 8560.803
54 45 8580.163
55 45 8575.172
56 45 8588.216
57 45 8576.981
58 45 8584.192
59 45 8568.949
60 45 8572.704
61 45 8553.931
62 45 8554.103
63 45 8532.67
64 45 8528.142
65 45 8504.254
66 45 8495.631
67 45 8468.87
68 45 8456.821
69 45 8426.624
70 45 8410.658
71 45 8377.615
72 45 8359.281
73 45 8322.858
74 45 8303.394
76 45 8245.239
48 46 8391.682
49 46 8428.98
50 46 8490.02
51 46 8502.43
52 46 8533.899
53 46 8537.93
54 46 8563.566
55 46 8560.864
56 46 8580.29
57 46 8571.019
58 46 8584.848
59 46 8570.65
60 46 8579.992
61 46 8560.894
62 46 8567.023
63 46 8544.882
64 46 8547.162
65 46 8521.749
66 46 8520.724
67 46 8492.584
68 46 8488.01
69 46 8457.738
70 46 8449.28
71 46 8416.929
72 46 8405.222
73 46 8368.964
74 46 8357.085
75 46 8320.858
76 46 8305.975
77 46 8270.031
49 47 8360.29
50 47 8422.405
51 47 8441.686
52 47 8474.774
53 47 8484.994
54 47 8512.546
55 47 8517.164
56 47 8537.651
57 47 8536.184
58 47 8550.37
59 47 8544.639
60 47 8553.9
61 47 8542.025
62 47 8547.915
63 47 8532.108
64 47 8534.787
65 47 8516.08
66 47 8516.065
67 47 8493.778
68 47 8490.555
69 47 8465.907
70 47 8459.452
71 47 8433.889
72 47 8423.212
73 47 8395.327
74 47 8382.33
75 47 8352.758
76 47 8337.803
77 47 8308.655
78 47 8293.314
50 48 8378.295
51 48 8398.373
52 48 8437.737
53 48 8450.365
54 48 8484.131
55 48 8489.754
56 48 8517.622
57 48 8516.852
58 48 8539.048
59 48 8533.351
60 48 8550.019
61 48 8538.764
62 48 8551.275
63 48 8537.079
64 48 8544.73
65 48 8526.987
66 48 8531.513
67 48 8510.724
68 48 8512.35
69 48 8488.973
70 48 8487.834
71 48 8461.438
72 48 8458.023
73 48 8430.996
74 48 8424.266
75 48 8395.395
76 48 8387.035
77 48 8357.681
78 48 8346.747
79 48 8316.945
80 48 8303.264
81 48 8269.034
82 48 8252.586
83 48 8206.175
51 49 8331.097
53 49 8388.571
54 49 8423.721
55 49 8435.237
56 49 8464.704
57 49 8470.12
58 49 8494.021
59 49 8495.251
60 49 8513.102
61 49 8508.908
62 49 8522.282
63 49 8514.667
64 49 8522.929
65 49 8511.973
66 49 8516.546
67 49 8501.617
68 49 8503.865
69 49 8485.667
70 49 8486.143
71 49 8466.262
72 49 8463.887
73 49 8442.118
74 49 8437.946
75 49 8414.343
76 49 8408.452
77 49 8384.317
78 49 8374.949
79 49 8351.09
80 49 8338.78
81 49 8313.996
82 49 8297.959
83 49 8253.715
50 50 8252.974
51 50 8281.102
52 50 8324.43
53 50 8341.757
54 50 8383.911
55 50 8397.228
56 50 8432.038
57 50 8439.494
58 50 8469.027
59 50 8470.518
60 50 8496.087
61 50 8493.13
62 50 8513.618
63 50 8506.811
64 50 8522.566
65 50 8514.069
66 50 8523.116
67 50 8509.611
68 50 8516.533
69 50 8499.449
70 50 8504.492
71 50 8485.201
72 50 8487.907
73 50 8467.243
74 50 8467.421
75 50 8445.55
76 50 8443.523
77 50 8420.557
78 50 8416.979
79 50 8392.818
80 50 8386.816
81 50 8362.517
82 50 8354.872
83 50 8310.088
84 50 8275.171
85 50 8230.687
53 51 8256.644
54 51 8300.992
55 51 8322.012
56 51 8358.734
57 51 8372.666
58 51 8404.815
59 51 8412.681
60 51 8440.12
61 51 8443.632
62 51 8465.275
63 51 8462.518
64 51 8480.915
65 51 8475.821
66 51 8487.897
67 51 8478.915
68 51 8487.91
69 51 8475.635
70 51 8482.066
71 51 8468.331
72 51 8472.328
73 51 8456.16
74 51 8458.17
75 51 8440.314
76 51 8439.82
77 51 8420.775
78 51 8418.058
79 51 8397.363
80 51 8392.552
81 51 8372.344
82 51 8364.729
83 51 8325.95
84 51 8291.989
85 51 8252.252
86 51 8218.476
87 51 8175.091
53 52 8186.836
54 52 8236.767
55 52 8256.899
56 52 8303.721
57 52 8319.33
58 52 8358.115
59 52 8367.763
60 52 8400.652
61 52 8404.636
62 52 8432.778
63 52 8431.15
64 52 8455.687
65 52 8450.919
66 52 8469.746
67 52 8462.066
68 52 8477.034
69 52 8466.883
70 52 8478.14
71 52 8465.546
72 52 8473.279
73 52 8458.045
74 52 8463.248
75 52 8446.118
76 52 8448.752
77 52 8430.409
78 52 8430.324
79 52 8411.233
80 52 8408.485
81 52 8389.025
82 52 8383.643
83 52 8345.738
84 52 8319.429
85 52 8280.235
86 52 8252.578
87 52 8211.771
88 52 8184.847
55 53 8174.884
56 53 8220.016
57 53 8244.043
58 53 8282.934
59 53 8299.879
60 53 8333.752
62 53 8374.564
63 53 8381.902
64 53 8404.409
65 53 8406.12
66 53 8426.789
67 53 8423.722
68 53 8441.458
69 53 8437.023
70 53 8449.198
71 53 8441.489
72 53 8450.3
73 53 8439.944
74 53 8445.487
75 53 8432.836
76 53 8435.99
77 53 8421.1
78 53 8422.297
79 53 8406.462
80 53 8405.106
81 53 8389.071
82 53 8384.76
83 53 8351.323
84 53 8326.002
85 53 8292.444
86 53 8265.609
87 53 8229.473
88 53 8202.255
89 53 8165.019
55 54 8107.306
56 54 8159.28
57 54 8180.766
58 54 8230.064
59 54 8247.927
60 54 8289.205
61 54 8300.97
62 54 8336.834
63 54 8344.297
64 54 8374.981
65 54 8378.441
66 54 8404.031
67 54 8403.832
68 54 8424.664
69 54 8420.927
70 54 8437.565
71 54 8430.89
72 54 8443.541
73 54 8434.111
74 54 8443.298
75 54 8431.39
76 54 8437.731
77 54 8423.736
78 54 8427.622
79 54 8412.647
80 54 8413.699
81 54 8398.476
82 54 8396.188
83 54 8364.286
84 54 8344.69
85 54 8311.59
86 54 8290.887
87 54 8255.364
88 54 8233.169
89 54 8196.885
90 54 8172.884
91 54 8135.087
92 54 8110.415
57 55 8100.435
58 55 8148.622
59 55 8173.538
62 55 8271.864
63 55 8286.404
64 55 8317.334
65 55 8328.48
66 55 8352.914
67 55 8359.151
68 55 8380.379
69 55 8383.432
70 55 8399.788
71 55 8399.268
72 55 8411.562
73 55 8406.493
74 55 8416.047
75 55 8408.784
76 55 8415.056
77 55 8405.587
78 55 8409.978
79 55 8398.646
80 55 8401.336
81 55 8389.77
82 55 8388.956
83 55 8360.142
84 55 8342.338
85 55 8314.325
86 55 8294.356
87 55 8264.877
88 55 8243.67
89 55 8211.889
90 55 8188.733
91 55 8155.436
92 55 8131.8
93 55 8097.546
58 56 8089.686
61 56 8187.953
63 56 8245.928
64 56 8280.294
65 56 8293.907
66 56 8323.756
67 56 8330.208
68 56 8355.82
69 56 8358.178
70 56 8379.718
71 56 8378.455
72 56 8396.06
73 56 8391.098
74 56 8405.549
75 56 8398.587
76 56 8409.375
77 56 8400.206
78 56 8408.171
79 56 8397.533
80 56 8402.755
81 56 8391.827
82 56 8393.42
83 56 8367.017
84 56 8353.16
85 56 8326.078
86 56 8310.971
87 56 8281.987
88 56 8265.454
89 56 8234.798
90 56 8216.082
91 56 8183.24
92 56 8164.441
93 56 8133.793
67 57 8278.292
68 57 8304.643
69 57 8312.426
70 57 8333.54
71 57 8337.19
72 57 8356.052
73 57 8356.191
74 57 8370.367
75 57 8367.756
76 57 8378.841
77 57 8374.488
78 57 8382.795
79 57 8376.05
80 57 8381.879
81 57 8375.125
82 57 8378.025
83 57 8355.047
84 57 8343.217
85 57 8320.828
86 57 8306.127
87 57 8281.428
88 57 8266.087
89 57 8238.828
90 57 8221.553
91 57 8193.716
92 57 8176.191
93 57 8148.225
94 57 8129.043
68 58 8273.257
69 58 8280.791
70 58 8306.925
71 58 8310.94
72 58 8333.216
73 58 8333.396
74 58 8352.338
75 58 8349.829
76 58 8365.771
77 58 8361.984
78 58 8373.76
79 58 8367.248
80 58 8377.077
81 58 8370.395
82 58 8376.317
83 58 8355.408
84 58 8347.071
85 58 8324.678
86 58 8314.76
87 58 8289.875
88 58 8278.573
89 58 8252.527
90 58 8240.387
91 58 8214.229
92 58 8201.122
93 58 8176.277
69 59 8228.913
70 59 8254.38
71 59 8263.756
72 59 8286.143
73 59 8291.537
74 59 8310.258
75 59 8312.881
76 59 8328.928
77 59 8330.008
78 59 8341.706
79 59 8339.255
80 59 8349.449
81 59 8346.529
82 59 8353.992
83 59 8336.31
84 59 8329.428
85 59 8311.54
86 59 8302.127
87 59 8280.376
88 59 8270.539
89 59 8249.54
90 59 8238.303
91 59 8218.931
92 59 8207.881
93 59 8187.104
94 59 8172.036
95 59 8148.892
96 59 8131.039
70 60 8222.513
71 60 8230.304
72 60 8256.81
73 60 8262.231
74 60 8285.538
75 60 8288.153
76 60 8308.512
77 60 8309.593
78 60 8325.502
79 60 8323.642
80 60 8337.875
81 60 8335.515
82 60 8346.03
83 60 8330.488
84 60 8326.922
85 60 8309.187
86 60 8304.092
87 60 8283.603
88 60 8277.177
89 60 8255.442
90 60 8249.577
91 60 8230.272
92 60 8224.005
93 60 8204.582
94 60 8193.942
95 60 8170.304
96 60 8158.066
97 60 8131.959
72 61 8204.283
73 61 8213.225
74 61 8236.717
75 61 8243.72
76 61 8263.651
77 61 8268.544
78 61 8285.543
79 61 8289.107
80 61 8303.94
81 61 8306.662
82 61 8317.733
83 61 8305.296
84 61 8302.657
85 61 8288.654
86 61 8284.372
87 61 8268.226
88 61 8261.526
89 61 8243.81
90 61 8241.27
91 61 8226.127
92 61 8221.152
93 61 8206.31
94 61 8195.296
95 61 8176.705
96 61 8164.145
97 61 8143.254
98 61 8126.859
73 62 8177.626
74 62 8205.916
75 62 8213.806
76 62 8237.928
77 62 8243.078
78 62 8263.82
79 62 8265.845
80 62 8285.972
81 62 8288.182
82 62 8303.679
83 62 8293.013
84 62 8293.857
85 62 8280.575
86 62 8279.633
87 62 8263.466
88 62 8261.621
89 62 8243.971
90 62 8244.061
91 62 8228.534
92 62 8226.835
93 62 8211.223
94 62 8205.003
95 62 8187.063
96 62 8177.297
97 62 8157.495
98 62 8144.625
99 62 8122.041
74 63 8150.573
75 63 8161.62
76 63 8187.218
77 63 8197.732
78 63 8217.684
79 63 8226.427
80 63 8245.817
81 63 8254.173
82 63 8269.274
83 63 8261.932
84 63 8263.541
85 63 8253.827
86 63 8253.554
87 63 8241.346
88 63 8239.297
89 63 8226.583
90 63 8228.699
91 63 8217.098
92 63 8216.674
93 63 8204.617
94 63 8199.795
95 63 8185.035
96 63 8176.697
97 63 8160.021
98 63 8148.98
99 63 8129.438
100 63 8115.471
76 64 8154.975
77 64 8164.608
78 64 8190.256
79 64 8198.318
80 64 8221.937
81 64 8228.946
82 64 8249.506
83 64 8243.336
84 64 8248.338
85 64 8239.484
86 64 8242.609
87 64 8231.043
88 64 8233.401
89 64 8220.418
90 64 8224.796
91 64 8213.251
92 64 8215.322
93 64 8203.504
94 64 8201.819
95 64 8187.614
96 64 8183.014
97 64 8167.191
98 64 8159.035
99 64 8140.297
75 65 8068.672
76 65 8097.475
77 65 8111.507
78 65 8138.217
79 65 8151.287
80 65 8178.461
81 65 8187.146
82 65 8206.624
83 65 8204.321
84 65 8209.815
85 65 8206.338
86 65 8208.873
87 65 8202.004
88 65 8205.048
89 65 8196.666
90 65 8202.914
91 65 8194.639
92 65 8198.138
93 65 8189.153
94 65 8188.8
95 65 8177.465
96 65 8174.479
97 65 8162.82
98 65 8155.633
99 65 8139.765
101 65 8113.68
77 66 8075.052
78 66 8105.589
79 66 8116.888
80 66 8146.112
81 66 8156.767
82 66 8180.943
83 66 8179.109
84 66 8189.149
85 66 8184.678
86 66 8192.916
87 66 8185.749
88 66 8193.129
89 66 8184.354
90 66 8192.433
91 66 8184.627
92 66 8190.13
93 66 8181.583
94 66 8184.054
95 66 8173.31
96 66 8173.457
97 66 8161.785
98 66 8158.714
99 66 8143.909
100 66 8137.28
101 66 8120.992
102 66 8112.536
103 66 8094.763
77 67 8017.097
78 67 8048.578
79 67 8063.242
80 67 8094.037
81 67 8108.979
82 67 8133.259
83 67 8134.842
84 67 8145.526
85 67 8144.919
86 67 8153.637
87 67 8150.681
88 67 8159.203
89 67 8155.046
90 67 8163.136
91 67 8158.471
92 67 8165.105
93 67 8158.602
94 67 8163.119
95 67 8155.418
96 67 8156.968
97 67 8147.929
98 67 8146.964
99 67 8135.499
100 67 8130.379
101 67 8116.817
102 67 8109.068
103 67 8093.796
104 67 8083.608
78 68 8010.512
79 68 8026.475
80 68 8059.692
81 68 8074.955
82 68 8102.195
83 68 8104.872
84 68 8119.349
85 68 8118.827
86 68 8132.392
87 68 8129.444
88 68 8141.908
89 68 8136.375
90 68 8147.926
91 68 8142.773
92 68 8151.721
93 68 8145.864
94 68 8152.397
95 68 8144.741
96 68 8149.02
97 68 8139.936
98 68 8141.959
99 68 8131.746
100 68 8129.601
101 68 8117.019
102 68 8111.959
103 68 8097.746
104 68 8090.41
78 69 7948.817
79 69 7968.5
82 69 8050.064
83 69 8056.438
84 69 8071.261
85 69 8074.208
86 69 8088.375
87 69 8089.603
88 69 8101.428
89 69 8101.199
90 69 8112.754
91 69 8110.818
92 69 8120.49
93 69 8117.588
94 69 8124.979
95 69 8119.623
96 69 8125.546
97 69 8118.946
98 69 8122.585
99 69 8114.954
100 69 8114.473
101 69 8105.517
102 69 8101.893
103 69 8091.041
104 69 8084.463
105 69 8070.642
106 69 8061.766
107 69 8045.121
81 70 7983.755
82 70 8015.436
84 70 8039.939
85 70 8043.823
86 70 8061.711
87 70 8062.767
88 70 8079.203
89 70 8078.074
90 70 8092.557
91 70 8090.417
92 70 8102.565
93 70 8099.138
94 70 8109.446
95 70 8104.839
96 70 8112.471
97 70 8106.205
98 70 8111.898
99 70 8104.532
100 70 8106.609
101 70 8097.882
102 70 8097.429
103 70 8087.427
104 70 8083.847
105 70 8070.925
106 70 8064.085
107 70 8049.973
108 70 8042.841
82 71 7959.07
84 71 7987.436
85 71 7995.374
86 71 8013.317
87 71 8018.568
88 71 8034.6
89 71 8038.338
90 71 8052.781
91 71 8054.559
92 71 8066.684
93 71 8065.804
94 71 8076.745
95 71 8074.175
96 71 8083.021
97 71 8080.372
98 71 8086.335
99 71 8081.668
100 71 8084.661
101 71 8078.232
102 71 8079.03
103 71 8071.453
104 71 8069.14
105 71 8059.02
106 71 8053.448
107 71 8042.054
108 71 8035.073
109 71 8022.038
110 71 8011.929
112 71 7984.812
84 72 7952.65
86 72 7981.276
87 72 7986.56
88 72 8006.38
89 72 8009.117
90 72 8027.12
91 72 8027.972
92 72 8043.814
93 72 8042.872
94 72 8056.438
95 72 8054.184
96 72 8065.553
97 72 8061.778
98 72 8070.875
99 72 8066.068
100 72 8071.743
101 72 8066.016
102 72 8068.533
103 72 8060.761
104 72 8061.359
105 72 8051.835
106 72 8049.442
107 72 8038.546
108 72 8034.93
109 72 8022.002
110 72 8014.837
111 72 8000.027
112 72 7990.722
113 72 7973.97
114 72 7964.302
84 73 7896.043
86 73 7928.725
87 73 7938.27
88 73 7957.452
89 73 7964.335
90 73 7981.89
91 73 7986.997
92 73 8003.054
93 73 8004.971
94 73 8018.861
95 73 8019.428
96 73 8030.957
97 73 8030.296
98 73 8039.791
99 73 8037.705
100 73 8044.064
101 73 8040.452
102 73 8044.445
103 73 8038.67
104 73 8040.827
106 73 8033.585
107 73 8025.881
108 73 8023.4
109 73 8012.628
110 73 8006.735
111 73 7993.752
112 73 7986.36
113 73 7971.835
114 73 7963.212
115 73 7946.321
86 74 7892.772
88 74 7923.821
89 74 7930.302
90 74 7951.452
91 74 7955.968
92 74 7974.898
93 74 7976.733
94 74 7993.933
95 74 7994.537
96 74 8008.948
97 74 8008.115
98 74 8020.175
99 74 8018.333
100 74 8027.256
101 74 8024.112
102 74 8030.112
103 74 8025.035
104 74 8029.257
105 74 8023.281
106 74 8025.442
107 74 8017.948
108 74 8018.308
109 74 8008.322
110 74 8005.077
111 74 7992.907
112 74 7988.601
113 74 7975.116
114 74 7969.052
115 74 7953.454
116 74 7947.573
117 74 7931.435
86 75 7836.312
88 75 7870.865
89 75 7881.052
90 75 7901.522
91 75 7909.977
93 75 7935.12
94 75 7951.395
95 75 7955.065
96 75 7969.412
97 75 7971.672
98 75 7983.906
99 75 7985.094
100 75 7994.816
101 75 7993.97
102 75 8001.222
103 75 7998.157
104 75 8003.766
105 75 7999.991
106 75 8004.143
107 75 7998.625
108 75 8001.009
109 75 7992.75
110 75 7991.009
111 75 7981.269
112 75 7977.951
113 75 7966.747
114 75 7961.809
115 75 7950.053
116 75 7943.957
117 75 7930.238
118 75 7923.937
88 76 7833.291
90 76 7866.336
91 76 7873.974
92 76 7895.941
93 76 7901.284
94 76 7921.128
95 76 7924.204
96 76 7942.163
97 76 7944.033
98 76 7959.461
99 76 7960.729
100 76 7972.679
101 76 7972.436
102 76 7981.912
103 76 7979.48
104 76 7987.425
105 76 7983.426
106 76 7989.728
107 76 7985.01
108 76 7988.677
109 76 7981.304
110 76 7982.831
111 76 7973.78
112 76 7973.864
113 76 7963.002
114 76 7962.104
115 76 7950.568
116 76 7948.525
117 76 7936.27
118 76 7932.022
119 76 7917.744
120 76 7912.229
90 77 7812.825
91 77 7823.85
92 77 7845.596
94 77 7873.489
95 77 7880.263
96 77 7898.067
97 77 7902.483
98 77 7917.91
99 77 7921.531
100 77 7934.632
101 77 7936.549
102 77 7947.524
103 77 7947.633
104 77 7956.523
105 77 7954.894
106 77 7961.823
107 77 7959.198
108 77 7963.722
109 77 7958.047
110 77 7960.668
111 77 7954.85
112 77 7956.02
113 77 7947.701
114 77 7948.113
115 77 7938.999
116 77 7938.133
117 77 7928.487
118 77 7924.915
119 77 7914.148
120 77 7908.999
122 77 7891.206
90 78 7773.605
92 78 7808.236
93 78 7816.619
94 78 7839.247
95 78 7845.42
96 78 7866.117
97 78 7869.548
98 78 7888.992
99 78 7892.489
100 78 7908.252
101 78 7910.675
102 78 7923.611
103 78 7924.126
104 78 7934.754
105 78 7933.336
106 78 7942.574
107 78 7939.777
108 78 7946.809
109 78 7941.168
110 78 7947.902
111 78 7941.403
112 78 7946.493
113 78 7938.727
114 78 7942.491
115 78 7933.786
116 78 7935.941
117 78 7926.552
118 78 7926.529
119 78 7915.971
120 78 7914.15
121 78 7902.3
122 78 7899.198
123 78 7885.833
124 78 7881.56
92 79 7754.106
93 79 7766.158
94 79 7788.237
96 79 7817.595
97 79 7825.383
98 79 7843.858
99 79 7849.398
100 79 7865.637
101 79 7870.318
102 79 7883.835
103 79 7887.226
104 79 7898.564
105 79 7900.194
106 79 7909.44
107 79 7909.54
108 79 7917.427
109 79 7914.753
110 79 7921.987
111 79 7918.834
112 79 7924.681
113 79 7920.102
114 79 7924.164
115 79 7918.774
116 79 7921.377
117 79 7914.855
118 79 7915.654
119 79 7908.567
120 79 7906.937
121 79 7898.491
122 79 7895.175
123 79 7885.909
124 79 7880.864
92 80 7713.591
94 80 7749.784
95 80 7759.231
96 80 7782.665
97 80 7789.932
98 80 7811.363
99 80 7816.236
100 80 7836.11
101 80 7839.679
102 80 7856.972
103 80 7859.388
104 80 7874.367
105 80 7874.538
106 80 7888.26
107 80 7886.987
108 80 7899.052
109 80 7896.919
110 80 7907.017
111 80 7903.8
112 80 7912.066
113 80 7907.972
114 80 7914.597
115 80 7909.397
116 80 7914.369
117 80 7908.64
118 80 7911.552
119 80 7905.279
120 80 7905.895
121 80 7897.56
122 80 7896.85
123 80 7887.482
124 80 7885.545
125 80 7874.732
126 80 7869.172
127 80 7848.61
128 80 7834.191
95 81 7707.955
96 81 7732.167
98 81 7763.487
99 81 7771.409
100 81 7791.918
101 81 7796.36
102 81 7815.673
103 81 7818.671
104 81 7835.575
105 81 7837.535
106 81 7852.464
107 81 7853.053
108 81 7866.27
109 81 7866.064
110 81 7877.144
111 81 7876.016
112 81 7885.344
113 81 7883.52
114 81 7890.728
115 81 7888.289
116 81 7893.508
117 81 7890.3
118 81 7893.877
119 81 7889.703
120 81 7891.271
121 81 7886.219
122 81 7886.053
123 81 7880.023
124 81 7878.394
125 81 7871.721
126 81 7866.797
127 81 7847.183
128 81 7833.397
129 81 7813.588
130 81 7799.791
132 81 7765.43
96 82 7690.83
97 82 7701.468
98 82 7725.7
99 82 7734.107
100 82 7756.332
101 82 7762.152
102 82 7782.725
103 82 7786.932
104 82 7805.347
105 82 7808.4
106 82 7824.843
107 82 7826.299
108 82 7841.129
109 82 7841.363
110 82 7854.669
111 82 7853.919
112 82 7865.418
113 82 7863.908
114 82 7873.337
115 82 7871.282
116 82 7878.969
117 82 7875.736
118 82 7881.81
119 82 7877.877
120 82 7882.15
121 82 7877.397
122 82 7879.932
123 82 7874.331
124 82 7875.362
125 82 7869.866
126 82 7867.453
127 82 7848.648
128 82 7835.965
129 82 7817.007
130 82 7804.319
131 82 7785.172
132 82 7772.394
133 82 7752.737
101 83 7712.633
103 83 7739.121
104 83 7758.208
105 83 7764.189
106 83 7780.999
107 83 7785.342
108 83 7800.661
109 83 7803.608
110 83 7817.171
111 83 7819.225
112 83 7830.757
113 83 7831.9
114 83 7841.634
115 83 7841.189
116 83 7849.522
117 83 7848.497
118 83 7854.808
119 83 7852.539
120 83 7857.475
121 83 7854.215
122 83 7857.316
123 83 7853.324
124 83 7854.505
125 83 7849.853
126 83 7847.987
127 83 7832.542
128 83 7819.774
129 83 7803.313
130 83 7791.021
131 83 7773.495
132 83 7761.717
133 83 7743.499
134 83 7731.848
135 83 7712.827
102 84 7695.951
103 84 7704.763
104 84 7724.653
105 84 7731.131
106 84 7749.458
107 84 7753.786
108 84 7771.075
109 84 7773.95
110 84 7789.294
111 84 7791.005
112 84 7804.766
113 84 7805.535
114 84 7817.561
115 84 7817.505
116 84 7827.44
117 84 7826.561
118 84 7834.805
119 84 7832.863
120 84 7839.083
121 84 7836.216
122 84 7840.597
123 84 7836.673
124 84 7839.358
125 84 7835.188
126 84 7834.346
127 84 7818.784
128 84 7810.243
129 84 7794.024
130 84 7785.116
131 84 7768.176
132 84 7758.819
133 84 7741.36
134 84 7731.528
135 84 7713.333
136 84 7703.224
137 84 7684.481
138 84 7674.005
106 85 7702.923
107 85 7709.727
108 85 7727.109
109 85 7732.249
110 85 7748.091
111 85 7752.007
112 85 7766.017
113 85 7769.373
114 85 7781.488
115 85 7783.759
116 85 7794.153
117 85 7794.541
118 85 7803.648
119 85 7803.552
120 85 7810.207
121 85 7808.843
122 85 7813.964
123 85 7811.56
124 85 7814.777
125 85 7811.663
126 85 7811.354
127 85 7798.34
128 85 7790.003
129 85 7776.366
130 85 7767.858
131 85 7753.002
132 85 7744.616
133 85 7729.126
134 85 7720.196
135 85 7703.703
136 85 7694.475
137 85 7677.387
138 85 7668.055
139 85 7650.735
107 86 7675.852
108 86 7695.001
109 86 7700.383
110 86 7717.987
111 86 7722.118
112 86 7737.724
113 86 7740.753
114 86 7754.932
115 86 7756.842
116 86 7769.301
117 86 7770.193
118 86 7780.574
119 86 7780.722
120 86 7789.041
121 86 7787.998
122 86 7794.268
123 86 7792.175
124 86 7796.665
125 86 7793.941
126 86 7794.797
127 86 7782.182
128 86 7777.102
129 86 7763.814
130 86 7758.657
131 86 7744.403
132 86 7738.752
133 86 7723.777
134 86 7717.254
135 86 7701.393
136 86 7694.497
137 86 7678.171
138 86 7670.751
139 86 7654.357
140 86 7646.41
141 86 7630.05
142 86 7621.645
143 86 7605.622
110 87 7673.763
111 87 7679.205
112 87 7695.259
113 87 7700.334
114 87 7714.836
115 87 7719.038
116 87 7731.708
117 87 7734.692
118 87 7745.686
119 87 7746.94
120 87 7756.246
121 87 7756.903
122 87 7763.688
123 87 7763.075
124 87 7768.36
125 87 7766.845
126 87 7768.447
127 87 7757.74
128 87 7753.26
129 87 7742.451
130 87 7737.775
131 87 7726.715
132 87 7721.171
133 87 7709.742
134 87 7703.256
135 87 7690.947
136 87 7683.664
137 87 7670.367
138 87 7662.94
139 87 7648.376
140 87 7640.715
141 87 7626.368
142 87 7618.337
143 87 7603.704
144 87 7594.5
145 87 7579.347
146 87 7569.239
113 88 7669.41
114 88 7685.568
115 88 7689.503
116 88 7704.144
117 88 7706.998
118 88 7719.802
119 88 7721.602
120 88 7732.017
121 88 7733.017
122 88 7741.368
123 88 7741.087
124 88 7747.508
125 88 7746.472
126 88 7749.171
127 88 7739.316
128 88 7737.347
129 88 7726.911
130 88 7724.998
131 88 7714.053
132 88 7711.696
133 88 7701.135
134 88 7696.692
135 88 7685.309
136 88 7679.922
137 88 7667.586
138 88 7661.962
139 88 7648.303
140 88 7642.428
141 88 7628.485
142 88 7621.914
143 88 7607.841
144 88 7600.009
145 88 7585.564
146 88 7576.543
116 89 7662.851
117 89 7667.879
118 89 7681.099
119 89 7684.865
120 89 7695.85
121 89 7697.896
122 89 7707.189
123 89 7708.552
124 89 7715.526
125 89 7715.837
126 89 7719.413
127 89 7711.256
128 89 7710.338
129 89 7702.177
130 89 7700.549
131 89 7692.351
132 89 7690.539
133 89 7682.802
134 89 7679.143
135 89 7670.143
136 89 7665.69
137 89 7655.662
138 89 7650.707
139 89 7639.196
140 89 7633.244
141 89 7621.46
142 89 7615.076
143 89 7602.424
144 89 7595.193
145 89 7582.129
146 89 7573.504
147 89 7559.242
118 90 7652.592
120 90 7669.076
121 90 7671.69
122 90 7682.062
123 90 7683.846
124 90 7692.317
125 90 7693.025
126 90 7697.662
127 90 7690.594
128 90 7691.602
129 90 7683.725
130 90 7684.589
131 90 7676.061
132 90 7676.658
133 90 7668.64
134 90 7667.724
135 90 7659.222
136 90 7657.119
137 90 7647.458
138 90 7645.08
139 90 7634.65
140 90 7630.996
141 90 7620.118
142 90 7615.033
143 90 7602.893
144 90 7596.855
145 90 7584.385
146 90 7576.968
147 90 7563.443
121 91 7633.643
122 91 7644.762
123 91 7647.583
124 91 7657.096
125 91 7659.314
126 91 7664.58
127 91 7659.036
128 91 7661.574
130 91 7656.974
132 91 7651.971
133 91 7646.961
134 91 7646.72
135 91 7641.11
136 91 7639.49
137 91 7632.207
138 91 7629.874
139 91 7621.895
140 91 7618.426
141 91 7609.506
142 91 7604.866
143 91 7594.683
144 91 7588.413
145 91 7577.557
146 91 7570.384
147 91 7558.344
123 92 7620.624
124 92 7631.307
126 92 7640.719
127 92 7636.329
129 92 7634.684
130 92 7637.764
131 92 7632.694
132 92 7635.165
133 92 7629.736
134 92 7631.916
135 92 7626.289
136 92 7627.466
137 92 7620.721
138 92 7620.922
139 92 7613.387
140 92 7611.897
141 92 7603.956
142 92 7600.715
143 92 7590.914
144 92 7586.484
145 92 7576.102
146 92 7570.125
147 92 7558.561
148 92 7551.77
126 93 7604.583
132 93 7607.557
134 93 7607.351
135 93 7604.853
136 93 7606.086
137 93 7601.776
138 93 7602.128
140 93 7596.181
141 93 7589.637
142 93 7587.056
143 93 7579.214
144 93 7574.989
145 93 7566.221
146 93 7560.567
147 93 7550.173
148 93 7544.27
149 93 7533.403
134 94 7590.493
135 94 7586.88
136 94 7590.991
137 94 7587.12
138 94 7588.974
139 94 7583.796
140 94 7584.605
141 94 7578.879
142 94 7577.918
143 94 7570.759
144 94 7568.36
145 94 7560.318
146 94 7556.042
147 94 7546.439
148 94 7541.327
149 94 7531.008
150 94 7524.815
151 94 7513.281
152 94 7506.539
134 95 7562.702
140 95 7565.154
143 95 7555.584
144 95 7553.688
145 95 7547.013
146 95 7543.278
147 95 7534.991
148 95 7530.173
149 95 7521.308
150 95 7515.303
137 96 7545.998
138 96 7550.677
140 96 7550.299
141 96 7546.624
142 96 7547.996
143 96 7543.065
144 96 7542.861
145 96 7536.848
146 96 7534.503
147 96 7526.925
148 96 7523.952
149 96 7515.767
150 96 7511.471
151 96 7501.931
152 96 7496.728
153 96 7485.55
154 96 7478.938
155 96 7466.722
146 97 7517.501
147 97 7511.475
148 97 7509.27
149 97 7502.803
150 97 7498.94
152 97 7486.04
153 97 7475.967
154 97 7469.263
139 98 7503.347
142 98 7510.23
144 98 7509.098
146 98 7505.136
147 98 7499.663
148 98 7499.121
149 98 7493.285
150 98 7491.043
151 98 7483.394
152 98 7479.956
153 98 7470.5
154 98 7465.347
155 98 7454.829
156 98 7449.225
148 99 7480.1
152 99 7465.881
153 99 7457.242
154 99 7452.887
155 99 7443.589
156 99 7437.821
146 100 7467.97
148 100 7465.944
149 100 7461.864
150 100 7462.09
151 100 7457.02
152 100 7456.038
153 100 7448.47
154 100 7444.792
155 100 7435.888
156 100 7431.78
157 100 7422.194
150 101 7441.9
154 101 7428.729
156 101 7417.582
157 101 7409.675
150 102 7425.798
151 102 7422.471
152 102 7423.59
153 102 7417.958
154 102 7416.546
155 102 7409.657
157 102 7399.974
152 103 7402.576
153 103 7398.16
152 104 7385.434
153 104 7381.704
154 104 7382.538
157 104 7371.384
154 105 7360.362
154 106 7342.562
155 106 7339.77
156 106 7341.185
156 108 7298.375
157 108 7296.247
158 108 7298.273
159 110 7250.154
160 110 7253.775
